free_thresh: 0.196
image: /images/amsterdam_cropped_1668.png
map_bottom: 5804853.547782178
map_left: 628586.1332133207
map_right: 628832.9698791597
map_top: 5805000.456457643
negate: 0
occupied_thresh: 0.65
origin: [628586.1332133207, 5804853.547782178, 0.0]
resolution: 0.5
