free_thresh: 0.196
image: /images/amsterdam_cropped_1724.png
map_bottom: 5805526.020727428
map_left: 627980.2889456828
map_right: 628165.6651225352
map_top: 5805654.180874995
negate: 0
occupied_thresh: 0.65
origin: [627980.2889456828, 5805526.020727428, 0.0]
resolution: 0.5
