free_thresh: 0.196
image: /images/amsterdam_cropped_262.png
map_bottom: 8488.560005777515
map_left: 7191.351235973067
map_right: 7397.265548635158
map_top: 8053.915015798062
negate: 0
occupied_thresh: 0.65
origin: [7191.351235973067, 8488.560005777515, 0.0]
resolution: 0.5
