free_thresh: 0.196
image: /images/amsterdam_cropped_909.png
map_bottom: 6727.782326731831
map_left: 5808.551133770146
map_right: 5914.383890923229
map_top: 6443.8901748918
negate: 0
occupied_thresh: 0.65
origin: [5808.551133770146, 6727.782326731831, 0.0]
resolution: 0.5
