free_thresh: 0.196
image: /images/amsterdam_cropped_1432.png
map_bottom: 5804037.696575231
map_left: 626803.1506363477
map_right: 627150.7885186168
map_top: 5804736.498432291
negate: 0
occupied_thresh: 0.65
origin: [626803.1506363477, 5804037.696575231, 0.0]
resolution: 0.5
