free_thresh: 0.196
image: /images/amsterdam_cropped_1478.png
map_bottom: 6991.817942020483
map_left: 8004.727820171742
map_right: 8217.245793738519
map_top: 6838.599248128943
negate: 0
occupied_thresh: 0.65
origin: [8004.727820171742, 6991.817942020483, 0.0]
resolution: 0.5
