free_thresh: 0.196
image: /images/amsterdam_cropped_1666.png
map_bottom: 6583.664093278348
map_left: 5256.475946585648
map_right: 5520.596056238515
map_top: 6414.186088589951
negate: 0
occupied_thresh: 0.65
origin: [5256.475946585648, 6583.664093278348, 0.0]
resolution: 0.5
