free_thresh: 0.196
image: /images/amsterdam_cropped_968.png
map_bottom: 5804464.121427316
map_left: 629997.8875287526
map_right: 630190.5528462033
map_top: 5804817.977696251
negate: 0
occupied_thresh: 0.65
origin: [629997.8875287526, 5804464.121427316, 0.0]
resolution: 0.5
