free_thresh: 0.196
image: /images/amsterdam_cropped_1651.png
map_bottom: 5804254.611813443
map_left: 628137.1806065625
map_right: 628267.3328256429
map_top: 5804488.833922623
negate: 0
occupied_thresh: 0.65
origin: [628137.1806065625, 5804254.611813443, 0.0]
resolution: 0.5
