free_thresh: 0.196
image: /images/amsterdam_cropped_923.png
map_bottom: 5804219.335906722
map_left: 627713.4759465856
map_right: 627863.0321437222
map_top: 5804480.5456658425
negate: 0
occupied_thresh: 0.65
origin: [627713.4759465856, 5804219.335906722, 0.0]
resolution: 0.5
