free_thresh: 0.196
image: /images/amsterdam_cropped_1907.png
map_bottom: 9380.677512709983
map_left: 5972.1451308444375
map_right: 6081.110864369897
map_top: 9135.766936280765
negate: 0
occupied_thresh: 0.65
origin: [5972.1451308444375, 9380.677512709983, 0.0]
resolution: 0.5
