free_thresh: 0.196
image: /images/amsterdam_cropped_630.png
map_bottom: 7658.475051686168
map_left: 6142.2438256932655
map_right: 6442.347848521895
map_top: 7519.079174895771
negate: 0
occupied_thresh: 0.65
origin: [6142.2438256932655, 7658.475051686168, 0.0]
resolution: 0.5
