free_thresh: 0.196
image: /images/amsterdam_cropped_635.png
map_bottom: 7640.8345099771395
map_left: 7803.687644717284
map_right: 7950.050148631446
map_top: 7513.787755073048
negate: 0
occupied_thresh: 0.65
origin: [7803.687644717284, 7640.8345099771395, 0.0]
resolution: 0.5
