free_thresh: 0.196
image: /images/amsterdam_cropped_657.png
map_bottom: 5482.209880321287
map_left: 5557.310103379656
map_right: 5746.695885682828
map_top: 5317.873988232575
negate: 0
occupied_thresh: 0.65
origin: [5557.310103379656, 5482.209880321287, 0.0]
resolution: 0.5
