free_thresh: 0.196
image: /images/amsterdam_cropped_126.png
map_bottom: 6313.732862315141
map_left: 6869.147807206493
map_right: 7138.99962663569
map_top: 6104.317928769626
negate: 0
occupied_thresh: 0.65
origin: [6869.147807206493, 6313.732862315141, 0.0]
resolution: 0.5
