free_thresh: 0.196
image: /images/amsterdam_cropped_911.png
map_bottom: 6006.866142082959
map_left: 4976.846682142466
map_right: 5136.289848142769
map_top: 5751.301314270124
negate: 0
occupied_thresh: 0.65
origin: [4976.846682142466, 6006.866142082959, 0.0]
resolution: 0.5
