free_thresh: 0.196
image: /images/amsterdam_cropped_1427.png
map_bottom: 6888.281471829861
map_left: 6485.000046432251
map_right: 6656.64547966572
map_top: 6665.541969823651
negate: 0
occupied_thresh: 0.65
origin: [6485.000046432251, 6888.281471829861, 0.0]
resolution: 0.5
