free_thresh: 0.196
image: /images/amsterdam_cropped_1137.png
map_bottom: 7128.807535273023
map_left: 5289.268502528081
map_right: 5470.421564968303
map_top: 6852.183387872763
negate: 0
occupied_thresh: 0.65
origin: [5289.268502528081, 7128.807535273023, 0.0]
resolution: 0.5
