free_thresh: 0.196
image: /images/amsterdam_cropped_1918.png
map_bottom: 6702.291795651428
map_left: 6689.586146024521
map_right: 6884.870585652301
map_top: 6451.439262105152
negate: 0
occupied_thresh: 0.65
origin: [6689.586146024521, 6702.291795651428, 0.0]
resolution: 0.5
