free_thresh: 0.196
image: /images/amsterdam_cropped_383.png
map_bottom: 8228.9225394018
map_left: 6992.658993457677
map_right: 7291.351235973067
map_top: 8053.915015798062
negate: 0
occupied_thresh: 0.65
origin: [6992.658993457677, 8228.9225394018, 0.0]
resolution: 0.5
