free_thresh: 0.196
image: /images/amsterdam_cropped_369.png
map_bottom: 7334.3963335398585
map_left: 5795.399981247494
map_right: 5922.453800965217
map_top: 7017.084079357795
negate: 0
occupied_thresh: 0.65
origin: [5795.399981247494, 7334.3963335398585, 0.0]
resolution: 0.5
