free_thresh: 0.196
image: /images/amsterdam_cropped_649.png
map_bottom: 5804007.852857088
map_left: 630910.0349833881
map_right: 631187.1911384983
map_top: 5804297.982353957
negate: 0
occupied_thresh: 0.65
origin: [630910.0349833881, 5804007.852857088, 0.0]
resolution: 0.5
