free_thresh: 0.196
image: /images/amsterdam_cropped_1240.png
map_bottom: 7044.696048612706
map_left: 6782.40795078245
map_right: 6981.7509217438055
map_top: 6891.994050422683
negate: 0
occupied_thresh: 0.65
origin: [6782.40795078245, 7044.696048612706, 0.0]
resolution: 0.5
