free_thresh: 0.196
image: /images/amsterdam_cropped_1935.png
map_bottom: 9857.681971514598
map_left: 3480.026447631768
map_right: 3756.8132101587253
map_top: 9065.067712214775
negate: 0
occupied_thresh: 0.65
origin: [3480.026447631768, 9857.681971514598, 0.0]
resolution: 0.5
