free_thresh: 0.196
image: /images/amsterdam_cropped_1910.png
map_bottom: 7849.63348473236
map_left: 7895.606326258392
map_right: 8322.757389034494
map_top: 7571.462161771953
negate: 0
occupied_thresh: 0.65
origin: [7895.606326258392, 7849.63348473236, 0.0]
resolution: 0.5
