free_thresh: 0.196
image: /images/amsterdam_cropped_380.png
map_bottom: 5803013.538326797
map_left: 628258.8015116057
map_right: 628597.06936052
map_top: 5803359.841823812
negate: 0
occupied_thresh: 0.65
origin: [628258.8015116057, 5803013.538326797, 0.0]
resolution: 0.5
