free_thresh: 0.196
image: /images/amsterdam_cropped_1412.png
map_bottom: 5805117.765044635
map_left: 628233.8004301981
map_right: 628437.3287787506
map_top: 5805307.102486277
negate: 0
occupied_thresh: 0.65
origin: [628233.8004301981, 5805117.765044635, 0.0]
resolution: 0.5
