free_thresh: 0.196
image: /images/amsterdam_cropped_1205.png
map_bottom: 5803149.468762163
map_left: 629204.591205474
map_right: 629545.9433627783
map_top: 5803331.042182431
negate: 0
occupied_thresh: 0.65
origin: [629204.591205474, 5803149.468762163, 0.0]
resolution: 0.5
