free_thresh: 0.196
image: /images/amsterdam_cropped_393.png
map_bottom: 5803760.524509135
map_left: 629567.0370260061
map_right: 629792.8583591152
map_top: 5803948.419947139
negate: 0
occupied_thresh: 0.65
origin: [629567.0370260061, 5803760.524509135, 0.0]
resolution: 0.5
