free_thresh: 0.196
image: /images/amsterdam_cropped_655.png
map_bottom: 4969.762349238619
map_left: 5845.661556898151
map_right: 6285.033800280187
map_top: 4838.5281972605735
negate: 0
occupied_thresh: 0.65
origin: [5845.661556898151, 4969.762349238619, 0.0]
resolution: 0.5
