free_thresh: 0.196
image: /images/amsterdam_cropped_102.png
map_bottom: 7510.976251180284
map_left: 6055.367202123045
map_right: 6469.350448973011
map_top: 7242.009424943477
negate: 0
occupied_thresh: 0.65
origin: [6055.367202123045, 7510.976251180284, 0.0]
resolution: 0.5
