free_thresh: 0.196
image: /images/amsterdam_cropped_918.png
map_bottom: 7994.809053108096
map_left: 7438.921473805211
map_right: 7777.461735040182
map_top: 7817.394189896993
negate: 0
occupied_thresh: 0.65
origin: [7438.921473805211, 7994.809053108096, 0.0]
resolution: 0.5
