free_thresh: 0.196
image: /images/amsterdam_cropped_2047.png
map_bottom: 6057.871209865436
map_left: 8485.049423519755
map_right: 8620.809994280338
map_top: 5858.202589772642
negate: 0
occupied_thresh: 0.65
origin: [8485.049423519755, 6057.871209865436, 0.0]
resolution: 0.5
