free_thresh: 0.196
image: /images/amsterdam_cropped_95.png
map_bottom: 9235.766936280765
map_left: 5975.948238668032
map_right: 6081.110864369897
map_top: 8862.017183944583
negate: 0
occupied_thresh: 0.65
origin: [5975.948238668032, 9235.766936280765, 0.0]
resolution: 0.5
