free_thresh: 0.196
image: /images/amsterdam_cropped_366.png
map_bottom: 5804455.8851494305
map_left: 630276.0419884357
map_right: 630833.009605917
map_top: 5804656.059328078
negate: 0
occupied_thresh: 0.65
origin: [630276.0419884357, 5804455.8851494305, 0.0]
resolution: 0.5
