free_thresh: 0.196
image: /images/amsterdam_cropped_648.png
map_bottom: 7917.394189896993
map_left: 7677.461735040182
map_right: 7995.606326258392
map_top: 7749.63348473236
negate: 0
occupied_thresh: 0.65
origin: [7677.461735040182, 7917.394189896993, 0.0]
resolution: 0.5
