free_thresh: 0.196
image: /images/amsterdam_cropped_367.png
map_bottom: 7242.302298149094
map_left: 7788.462781460374
map_right: 8214.3535670141
map_top: 6991.232689931989
negate: 0
occupied_thresh: 0.65
origin: [7788.462781460374, 7242.302298149094, 0.0]
resolution: 0.5
