free_thresh: 0.196
image: /images/amsterdam_cropped_1695.png
map_bottom: 5323.5377724142745
map_left: 6178.692235055147
map_right: 6281.25102042465
map_top: 4988.09076373186
negate: 0
occupied_thresh: 0.65
origin: [6178.692235055147, 5323.5377724142745, 0.0]
resolution: 0.5
