free_thresh: 0.196
image: /images/amsterdam_cropped_397.png
map_bottom: 5805938.502531923
map_left: 627968.8593564156
map_right: 628319.34455882
map_top: 5806054.9312378345
negate: 0
occupied_thresh: 0.65
origin: [627968.8593564156, 5805938.502531923, 0.0]
resolution: 0.5
