free_thresh: 0.196
image: /images/amsterdam_cropped_646.png
map_bottom: 7268.880160370842
map_left: 6035.293161977548
map_right: 6245.289210960735
map_top: 7049.778711655177
negate: 0
occupied_thresh: 0.65
origin: [6035.293161977548, 7268.880160370842, 0.0]
resolution: 0.5
