free_thresh: 0.196
image: /images/amsterdam_cropped_1680.png
map_bottom: 5803432.501979137
map_left: 627883.5600480353
map_right: 628039.973424325
map_top: 5803653.343373823
negate: 0
occupied_thresh: 0.65
origin: [627883.5600480353, 5803432.501979137, 0.0]
resolution: 0.5
