free_thresh: 0.196
image: /images/amsterdam_cropped_109.png
map_bottom: 5803089.33812688
map_left: 630048.612796166
map_right: 630360.6876447173
map_top: 5803262.165490023
negate: 0
occupied_thresh: 0.65
origin: [630048.612796166, 5803089.33812688, 0.0]
resolution: 0.5
