free_thresh: 0.196
image: /images/amsterdam_cropped_1429.png
map_bottom: 7902.963740605861
map_left: 6602.200334047899
map_right: 6897.345143444603
map_top: 7741.085778716952
negate: 0
occupied_thresh: 0.65
origin: [6602.200334047899, 7902.963740605861, 0.0]
resolution: 0.5
