free_thresh: 0.196
image: /images/amsterdam_cropped_1238.png
map_bottom: 6518.909379698336
map_left: 7479.195412483765
map_right: 7733.552846203325
map_top: 6238.878572683781
negate: 0
occupied_thresh: 0.65
origin: [7479.195412483765, 6518.909379698336, 0.0]
resolution: 0.5
