free_thresh: 0.196
image: /images/amsterdam_cropped_638.png
map_bottom: 7602.957581673749
map_left: 8128.553611163283
map_right: 8422.94568826072
map_top: 7290.681841262616
negate: 0
occupied_thresh: 0.65
origin: [8128.553611163283, 7602.957581673749, 0.0]
resolution: 0.5
