free_thresh: 0.196
image: /images/amsterdam_cropped_1480.png
map_bottom: 7613.787755073048
map_left: 7713.497582319658
map_right: 7950.050148631446
map_top: 7443.502768258564
negate: 0
occupied_thresh: 0.65
origin: [7713.497582319658, 7613.787755073048, 0.0]
resolution: 0.5
