free_thresh: 0.196
image: /images/amsterdam_cropped_878.png
map_bottom: 5803054.301312284
map_left: 628020.0555165887
map_right: 628141.2343204364
map_top: 5803180.126173677
negate: 0
occupied_thresh: 0.65
origin: [628020.0555165887, 5803054.301312284, 0.0]
resolution: 0.5
