free_thresh: 0.196
image: /images/amsterdam_cropped_1180.png
map_bottom: 5805558.662317874
map_left: 628297.5668271866
map_right: 628402.588897608
map_top: 5805792.453219743
negate: 0
occupied_thresh: 0.65
origin: [628297.5668271866, 5805558.662317874, 0.0]
resolution: 0.5
