free_thresh: 0.196
image: /images/amsterdam_cropped_934.png
map_bottom: 5800799.0006623
map_left: 626068.4716304424
map_right: 626207.6897696416
map_top: 5801067.821652676
negate: 0
occupied_thresh: 0.65
origin: [626068.4716304424, 5800799.0006623, 0.0]
resolution: 0.5
