free_thresh: 0.196
image: /images/amsterdam_cropped_1190.png
map_bottom: 5803746.79484412
map_left: 630574.2457937385
map_right: 630780.999922083
map_top: 5803911.1820579795
negate: 0
occupied_thresh: 0.65
origin: [630574.2457937385, 5803746.79484412, 0.0]
resolution: 0.5
