free_thresh: 0.196
image: /images/amsterdam_cropped_1921.png
map_bottom: 5805133.289904778
map_left: 627869.3379707182
map_right: 628114.3101033797
map_top: 5805485.126011767
negate: 0
occupied_thresh: 0.65
origin: [627869.3379707182, 5805133.289904778, 0.0]
resolution: 0.5
