free_thresh: 0.196
image: /images/amsterdam_cropped_403.png
map_bottom: 7077.529171985574
map_left: 6329.940186777036
map_right: 6556.267797021428
map_top: 6957.862220339477
negate: 0
occupied_thresh: 0.65
origin: [6329.940186777036, 7077.529171985574, 0.0]
resolution: 0.5
