free_thresh: 0.196
image: /images/amsterdam_cropped_1930.png
map_bottom: 5803437.448992327
map_left: 629185.7829685652
map_right: 629472.5255131519
map_top: 5803641.609438058
negate: 0
occupied_thresh: 0.65
origin: [629185.7829685652, 5803437.448992327, 0.0]
resolution: 0.5
