free_thresh: 0.196
image: /images/amsterdam_cropped_1705.png
map_bottom: 6781.5257530305535
map_left: 7272.08168206655
map_right: 7441.241316126077
map_top: 6621.35993844457
negate: 0
occupied_thresh: 0.65
origin: [7272.08168206655, 6781.5257530305535, 0.0]
resolution: 0.5
