free_thresh: 0.196
image: /images/amsterdam_cropped_642.png
map_bottom: 6945.306644571945
map_left: 5669.398888648488
map_right: 5773.12430747191
map_top: 6687.511690330692
negate: 0
occupied_thresh: 0.65
origin: [5669.398888648488, 6945.306644571945, 0.0]
resolution: 0.5
