free_thresh: 0.196
image: /images/amsterdam_cropped_522.png
map_bottom: 9282.403101162054
map_left: 7191.486789888935
map_right: 7760.083385820733
map_top: 9057.641600728966
negate: 0
occupied_thresh: 0.65
origin: [7191.486789888935, 9282.403101162054, 0.0]
resolution: 0.5
