free_thresh: 0.196
image: /images/amsterdam_cropped_1167.png
map_bottom: 5814.803013449535
map_left: 6028.565884487354
map_right: 6159.991665924666
map_top: 5650.769127231091
negate: 0
occupied_thresh: 0.65
origin: [6028.565884487354, 5814.803013449535, 0.0]
resolution: 0.5
