free_thresh: 0.196
image: /images/amsterdam_cropped_1704.png
map_bottom: 6721.35993844457
map_left: 7073.450673137326
map_right: 7372.08168206655
map_top: 6447.9694022471085
negate: 0
occupied_thresh: 0.65
origin: [7073.450673137326, 6721.35993844457, 0.0]
resolution: 0.5
