free_thresh: 0.196
image: /images/amsterdam_cropped_475.png
map_bottom: 10134.622943102382
map_left: 3390.6582161199767
map_right: 3580.026447631768
map_top: 9757.681971514598
negate: 0
occupied_thresh: 0.65
origin: [3390.6582161199767, 10134.622943102382, 0.0]
resolution: 0.5
