free_thresh: 0.196
image: /images/amsterdam_cropped_1179.png
map_bottom: 6435.339301186614
map_left: 6789.994944390142
map_right: 6931.609539779136
map_top: 6265.245542217046
negate: 0
occupied_thresh: 0.65
origin: [6789.994944390142, 6435.339301186614, 0.0]
resolution: 0.5
