free_thresh: 0.196
image: /images/amsterdam_cropped_1137.png
map_bottom: 5803674.192464727
map_left: 627746.2685025281
map_right: 627927.4215649683
map_top: 5803950.816612127
negate: 0
occupied_thresh: 0.65
origin: [627746.2685025281, 5803674.192464727, 0.0]
resolution: 0.5
