free_thresh: 0.196
image: /images/amsterdam_cropped_1686.png
map_bottom: 6962.171497424133
map_left: 6034.210068837041
map_right: 6153.526636186056
map_top: 6639.308959486894
negate: 0
occupied_thresh: 0.65
origin: [6034.210068837041, 6962.171497424133, 0.0]
resolution: 0.5
