free_thresh: 0.196
image: /images/amsterdam_cropped_519.png
map_bottom: 5803538.109154733
map_left: 628903.7029865794
map_right: 629104.9086886157
map_top: 5803657.342991816
negate: 0
occupied_thresh: 0.65
origin: [628903.7029865794, 5803538.109154733, 0.0]
resolution: 0.5
