free_thresh: 0.196
image: /images/amsterdam_cropped_2038.png
map_bottom: 5804890.830892967
map_left: 629692.5660399426
map_right: 630081.6742357427
map_top: 5805086.2574305665
negate: 0
occupied_thresh: 0.65
origin: [629692.5660399426, 5804890.830892967, 0.0]
resolution: 0.5
