free_thresh: 0.196
image: /images/amsterdam_cropped_406.png
map_bottom: 5802649.084984202
map_left: 629648.3512359731
map_right: 629995.9214738052
map_top: 5802908.190946892
negate: 0
occupied_thresh: 0.65
origin: [629648.3512359731, 5802649.084984202, 0.0]
resolution: 0.5
