free_thresh: 0.196
image: /images/amsterdam_cropped_1142.png
map_bottom: 5802728.800174657
map_left: 628477.792458866
map_right: 628648.4156356612
map_top: 5802895.303237375
negate: 0
occupied_thresh: 0.65
origin: [628477.792458866, 5802728.800174657, 0.0]
resolution: 0.5
