free_thresh: 0.196
image: /images/amsterdam_cropped_1921.png
map_bottom: 5669.710095222108
map_left: 5412.337970718159
map_right: 5657.310103379656
map_top: 5317.873988232575
negate: 0
occupied_thresh: 0.65
origin: [5412.337970718159, 5669.710095222108, 0.0]
resolution: 0.5
