free_thresh: 0.196
image: /images/amsterdam_cropped_1688.png
map_bottom: 5804215.936837458
map_left: 627621.0654955176
map_right: 627886.9032426099
map_top: 5804849.089693259
negate: 0
occupied_thresh: 0.65
origin: [627621.0654955176, 5804215.936837458, 0.0]
resolution: 0.5
