free_thresh: 0.196
image: /images/amsterdam_cropped_1909.png
map_bottom: 7201.884667433798
map_left: 5944.891625568154
map_right: 6051.677133466466
map_top: 6855.422334203497
negate: 0
occupied_thresh: 0.65
origin: [5944.891625568154, 7201.884667433798, 0.0]
resolution: 0.5
