free_thresh: 0.196
image: /images/amsterdam_cropped_368.png
map_bottom: 5803638.238636868
map_left: 629148.7082996101
map_right: 629339.4079507824
map_top: 5803911.005949577
negate: 0
occupied_thresh: 0.65
origin: [629148.7082996101, 5803638.238636868, 0.0]
resolution: 0.5
