free_thresh: 0.196
image: /images/amsterdam_cropped_1676.png
map_bottom: 5851.301314270124
map_left: 5036.289848142769
map_right: 5337.6849571962375
map_top: 5444.816528849304
negate: 0
occupied_thresh: 0.65
origin: [5036.289848142769, 5851.301314270124, 0.0]
resolution: 0.5
