free_thresh: 0.196
image: /images/amsterdam_cropped_1446.png
map_bottom: 5803099.356561742
map_left: 629035.5538530145
map_right: 629146.4125713379
map_top: 5803351.095051971
negate: 0
occupied_thresh: 0.65
origin: [629035.5538530145, 5803099.356561742, 0.0]
resolution: 0.5
