free_thresh: 0.196
image: /images/amsterdam_cropped_935.png
map_bottom: 7722.873826323077
map_left: 5444.14201768057
map_right: 5663.0555165887345
map_top: 7454.0222898460925
negate: 0
occupied_thresh: 0.65
origin: [5444.14201768057, 7722.873826323077, 0.0]
resolution: 0.5
