free_thresh: 0.196
image: /images/amsterdam_cropped_1236.png
map_bottom: 5803047.058860752
map_left: 629512.9175540097
map_right: 629725.8735917696
map_top: 5803183.530525854
negate: 0
occupied_thresh: 0.65
origin: [629512.9175540097, 5803047.058860752, 0.0]
resolution: 0.5
