free_thresh: 0.196
image: /images/amsterdam_cropped_2046.png
map_bottom: 5804696.118909434
map_left: 631099.3266060248
map_right: 631225.5731883553
map_top: 5804907.666155447
negate: 0
occupied_thresh: 0.65
origin: [631099.3266060248, 5804696.118909434, 0.0]
resolution: 0.5
