free_thresh: 0.196
image: /images/amsterdam_cropped_1177.png
map_bottom: 6551.439262105152
map_left: 6784.870585652301
map_right: 6942.432538946508
map_top: 6360.894182199612
negate: 0
occupied_thresh: 0.65
origin: [6784.870585652301, 6551.439262105152, 0.0]
resolution: 0.5
