free_thresh: 0.196
image: /images/amsterdam_cropped_406.png
map_bottom: 8153.915015798062
map_left: 7191.351235973067
map_right: 7538.921473805211
map_top: 7894.809053108096
negate: 0
occupied_thresh: 0.65
origin: [7191.351235973067, 8153.915015798062, 0.0]
resolution: 0.5
