free_thresh: 0.196
image: /images/amsterdam_cropped_400.png
map_bottom: 5803926.5305933505
map_left: 627910.5112313237
map_right: 628230.1243074719
map_top: 5804115.488309669
negate: 0
occupied_thresh: 0.65
origin: [627910.5112313237, 5803926.5305933505, 0.0]
resolution: 0.5
