free_thresh: 0.196
image: /images/amsterdam_cropped_160.png
map_bottom: 7313.744479361922
map_left: 7268.621832416626
map_right: 7435.959041827242
map_top: 7145.083122417331
negate: 0
occupied_thresh: 0.65
origin: [7268.621832416626, 7313.744479361922, 0.0]
resolution: 0.5
