free_thresh: 0.196
image: /images/amsterdam_cropped_1477.png
map_bottom: 6524.6397411338985
map_left: 8491.309515114408
map_right: 8797.93733653694
map_top: 6323.6353587228805
negate: 0
occupied_thresh: 0.65
origin: [8491.309515114408, 6524.6397411338985, 0.0]
resolution: 0.5
