free_thresh: 0.196
image: /images/amsterdam_cropped_636.png
map_bottom: 7486.112224388868
map_left: 7239.918033612659
map_right: 7518.613544078311
map_top: 7326.533954755403
negate: 0
occupied_thresh: 0.65
origin: [7239.918033612659, 7486.112224388868, 0.0]
resolution: 0.5
