free_thresh: 0.196
image: /images/amsterdam_cropped_409.png
map_bottom: 6883.045117190108
map_left: 8453.034983388148
map_right: 8654.2849053971
map_top: 6695.147142912261
negate: 0
occupied_thresh: 0.65
origin: [8453.034983388148, 6883.045117190108, 0.0]
resolution: 0.5
