free_thresh: 0.196
image: /images/amsterdam_cropped_1178.png
map_bottom: 7048.9697489105165
map_left: 6498.338303859928
map_right: 6655.591267371434
map_top: 6838.404304323718
negate: 0
occupied_thresh: 0.65
origin: [6498.338303859928, 7048.9697489105165, 0.0]
resolution: 0.5
