free_thresh: 0.196
image: /images/amsterdam_cropped_1195.png
map_bottom: 5544.816528849304
map_left: 5237.6849571962375
map_right: 5623.2889456828125
map_top: 5148.819125005044
negate: 0
occupied_thresh: 0.65
origin: [5237.6849571962375, 5544.816528849304, 0.0]
resolution: 0.5
