free_thresh: 0.196
image: /images/amsterdam_cropped_2048.png
map_bottom: 5804717.977696251
map_left: 629981.6742357427
map_right: 630097.8875287526
map_top: 5804990.830892967
negate: 0
occupied_thresh: 0.65
origin: [629981.6742357427, 5804717.977696251, 0.0]
resolution: 0.5
