free_thresh: 0.196
image: /images/amsterdam_cropped_410.png
map_bottom: 5803971.583745207
map_left: 629798.2413161261
map_right: 629956.0961746514
map_top: 5804121.474246969
negate: 0
occupied_thresh: 0.65
origin: [629798.2413161261, 5803971.583745207, 0.0]
resolution: 0.5
