free_thresh: 0.196
image: /images/amsterdam_cropped_103.png
map_bottom: 7703.643438258208
map_left: 6342.347848521895
map_right: 6689.412571337889
map_top: 7558.475051686168
negate: 0
occupied_thresh: 0.65
origin: [6342.347848521895, 7703.643438258208, 0.0]
resolution: 0.5
