free_thresh: 0.196
image: /images/amsterdam_cropped_878.png
map_bottom: 7748.698687716387
map_left: 5563.0555165887345
map_right: 5684.2343204363715
map_top: 7622.873826323077
negate: 0
occupied_thresh: 0.65
origin: [5563.0555165887345, 7748.698687716387, 0.0]
resolution: 0.5
