free_thresh: 0.196
image: /images/amsterdam_cropped_370.png
map_bottom: 7703.643438258208
map_left: 6589.412571337889
map_right: 6847.591205473989
map_top: 7553.531237836927
negate: 0
occupied_thresh: 0.65
origin: [6589.412571337889, 7703.643438258208, 0.0]
resolution: 0.5
