free_thresh: 0.196
image: /images/amsterdam_cropped_385.png
map_bottom: 6897.50504342746
map_left: 8374.693494134932
map_right: 8553.034983388148
map_top: 6695.147142912261
negate: 0
occupied_thresh: 0.65
origin: [8374.693494134932, 6897.50504342746, 0.0]
resolution: 0.5
