free_thresh: 0.196
image: /images/amsterdam_cropped_379.png
map_bottom: 5804015.488309669
map_left: 628130.1243074719
map_right: 628237.1806065625
map_top: 5804354.611813443
negate: 0
occupied_thresh: 0.65
origin: [628130.1243074719, 5804015.488309669, 0.0]
resolution: 0.5
