free_thresh: 0.196
image: /images/amsterdam_cropped_930.png
map_bottom: 7370.4980208631605
map_left: 5482.973424324999
map_right: 5759.42145457631
map_top: 7171.200824198313
negate: 0
occupied_thresh: 0.65
origin: [5482.973424324999, 7370.4980208631605, 0.0]
resolution: 0.5
