free_thresh: 0.196
image: /images/amsterdam_cropped_1197.png
map_bottom: 5805856.959603689
map_left: 627968.8593564156
map_right: 628292.3468920179
map_top: 5806038.502531923
negate: 0
occupied_thresh: 0.65
origin: [627968.8593564156, 5805856.959603689, 0.0]
resolution: 0.5
