free_thresh: 0.196
image: /images/amsterdam_cropped_913.png
map_bottom: 7844.210899818689
map_left: 7211.743557321373
map_right: 7461.431817881181
map_top: 7692.521911345422
negate: 0
occupied_thresh: 0.65
origin: [7211.743557321373, 7844.210899818689, 0.0]
resolution: 0.5
