free_thresh: 0.196
image: /images/amsterdam_cropped_696.png
map_bottom: 5803745.1377796605
map_left: 628913.2677970214
map_right: 629055.3383038599
map_top: 5803854.0302510895
negate: 0
occupied_thresh: 0.65
origin: [628913.2677970214, 5803745.1377796605, 0.0]
resolution: 0.5
