free_thresh: 0.196
image: /images/amsterdam_cropped_1919.png
map_bottom: 5110.5467802565545
map_left: 5845.588897607988
map_right: 6028.343374985037
map_top: 5003.490637253039
negate: 0
occupied_thresh: 0.65
origin: [5845.588897607988, 5110.5467802565545, 0.0]
resolution: 0.5
