free_thresh: 0.196
image: /images/amsterdam_cropped_1175.png
map_bottom: 6150.409691378474
map_left: 6664.143092948012
map_right: 6903.624833372538
map_top: 5894.925739787519
negate: 0
occupied_thresh: 0.65
origin: [6664.143092948012, 6150.409691378474, 0.0]
resolution: 0.5
