free_thresh: 0.196
image: /images/amsterdam_cropped_1477.png
map_bottom: 5804278.360258866
map_left: 630948.3095151144
map_right: 631254.9373365369
map_top: 5804479.364641277
negate: 0
occupied_thresh: 0.65
origin: [630948.3095151144, 5804278.360258866, 0.0]
resolution: 0.5
