free_thresh: 0.196
image: /images/amsterdam_cropped_520.png
map_bottom: 5802649.084984202
map_left: 629598.9519320162
map_right: 629748.3512359731
map_top: 5802873.320856971
negate: 0
occupied_thresh: 0.65
origin: [629598.9519320162, 5802649.084984202, 0.0]
resolution: 0.5
