free_thresh: 0.196
image: /images/amsterdam_cropped_408.png
map_bottom: 5804197.982353957
map_left: 631087.1911384983
map_right: 631254.9373365369
map_top: 5804378.360258866
negate: 0
occupied_thresh: 0.65
origin: [631087.1911384983, 5804197.982353957, 0.0]
resolution: 0.5
