free_thresh: 0.196
image: /images/amsterdam_cropped_104.png
map_bottom: 7735.611400865018
map_left: 4089.066644591512
map_right: 4563.363404083182
map_top: 6908.941599347629
negate: 0
occupied_thresh: 0.65
origin: [4089.066644591512, 7735.611400865018, 0.0]
resolution: 0.5
