free_thresh: 0.196
image: /images/amsterdam_cropped_362.png
map_bottom: 5802107.056278004
map_left: 628427.6460484858
map_right: 628544.9531448514
map_top: 5802538.805463967
negate: 0
occupied_thresh: 0.65
origin: [628427.6460484858, 5802107.056278004, 0.0]
resolution: 0.5
