free_thresh: 0.196
image: /images/amsterdam_cropped_1206.png
map_bottom: 5803231.042182431
map_left: 629445.9433627783
map_right: 629796.9180336127
map_top: 5803416.887775611
negate: 0
occupied_thresh: 0.65
origin: [629445.9433627783, 5803231.042182431, 0.0]
resolution: 0.5
