free_thresh: 0.196
image: /images/amsterdam_cropped_1707.png
map_bottom: 5804181.053593006
map_left: 630764.6291508351
map_right: 631048.3095151144
map_top: 5804479.364641277
negate: 0
occupied_thresh: 0.65
origin: [630764.6291508351, 5804181.053593006, 0.0]
resolution: 0.5
