free_thresh: 0.196
image: /images/amsterdam_cropped_1411.png
map_bottom: 5595.897513723001
map_left: 5646.695885682828
map_right: 5876.800430198084
map_top: 5382.209880321287
negate: 0
occupied_thresh: 0.65
origin: [5646.695885682828, 5595.897513723001, 0.0]
resolution: 0.5
