free_thresh: 0.196
image: /images/amsterdam_cropped_903.png
map_bottom: 7089.205840263516
map_left: 4951.569259717944
map_right: 5066.322344609187
map_top: 6758.773697898723
negate: 0
occupied_thresh: 0.65
origin: [4951.569259717944, 7089.205840263516, 0.0]
resolution: 0.5
