free_thresh: 0.196
image: /images/amsterdam_cropped_1949.png
map_bottom: 5802916.108470136
map_left: 629512.9175540097
map_right: 629648.2491490382
map_top: 5803147.058860752
negate: 0
occupied_thresh: 0.65
origin: [629512.9175540097, 5802916.108470136, 0.0]
resolution: 0.5
