free_thresh: 0.196
image: /images/amsterdam_cropped_2041.png
map_bottom: 6106.881090565585
map_left: 8485.049423519755
map_right: 8742.326606024755
map_top: 5957.871209865436
negate: 0
occupied_thresh: 0.65
origin: [8485.049423519755, 6106.881090565585, 0.0]
resolution: 0.5
