free_thresh: 0.196
image: /images/amsterdam_cropped_1056.png
map_bottom: 8029.679143029265
map_left: 7091.249149038224
map_right: 7241.951932016178
map_top: 7786.8915298637
negate: 0
occupied_thresh: 0.65
origin: [7091.249149038224, 8029.679143029265, 0.0]
resolution: 0.5
