free_thresh: 0.196
image: /images/amsterdam_cropped_404.png
map_bottom: 7057.862220339477
map_left: 6456.267797021428
map_right: 6573.1511179511435
map_top: 6856.034101514146
negate: 0
occupied_thresh: 0.65
origin: [6456.267797021428, 7057.862220339477, 0.0]
resolution: 0.5
