free_thresh: 0.196
image: /images/amsterdam_cropped_2046.png
map_bottom: 6106.881090565585
map_left: 8642.326606024755
map_right: 8768.573188355309
map_top: 5895.333844552748
negate: 0
occupied_thresh: 0.65
origin: [8642.326606024755, 6106.881090565585, 0.0]
resolution: 0.5
