free_thresh: 0.196
image: /images/amsterdam_cropped_1675.png
map_bottom: 7435.324806004763
map_left: 5822.453800965217
map_right: 6033.881734499708
map_top: 7234.3963335398585
negate: 0
occupied_thresh: 0.65
origin: [5822.453800965217, 7435.324806004763, 0.0]
resolution: 0.5
