free_thresh: 0.196
image: /images/amsterdam_cropped_475.png
map_bottom: 5800668.377056898
map_left: 625847.65821612
map_right: 626037.0264476318
map_top: 5801045.318028485
negate: 0
occupied_thresh: 0.65
origin: [625847.65821612, 5800668.377056898, 0.0]
resolution: 0.5
