free_thresh: 0.196
image: /images/amsterdam_cropped_1671.png
map_bottom: 5803131.537838228
map_left: 630679.7573890345
map_right: 631256.0578513476
map_top: 5803597.559313458
negate: 0
occupied_thresh: 0.65
origin: [630679.7573890345, 5803131.537838228, 0.0]
resolution: 0.5
