free_thresh: 0.196
image: /images/amsterdam_cropped_1478.png
map_bottom: 5803811.1820579795
map_left: 630461.7278201717
map_right: 630674.2457937385
map_top: 5803964.400751871
negate: 0
occupied_thresh: 0.65
origin: [630461.7278201717, 5803811.1820579795, 0.0]
resolution: 0.5
