free_thresh: 0.196
image: /images/amsterdam_cropped_1912.png
map_bottom: 7619.079174895771
map_left: 5933.881734499708
map_right: 6242.2438256932655
map_top: 7335.324806004763
negate: 0
occupied_thresh: 0.65
origin: [5933.881734499708, 7619.079174895771, 0.0]
resolution: 0.5
