free_thresh: 0.196
image: /images/amsterdam_cropped_380.png
map_bottom: 7789.461673202924
map_left: 5801.801511605736
map_right: 6140.069360519992
map_top: 7443.158176188357
negate: 0
occupied_thresh: 0.65
origin: [5801.801511605736, 7789.461673202924, 0.0]
resolution: 0.5
