free_thresh: 0.196
image: /images/amsterdam_cropped_2034.png
map_bottom: 5692.767702400684
map_left: 6604.863576103002
map_right: 6837.7110508355545
map_top: 5436.366528149694
negate: 0
occupied_thresh: 0.65
origin: [6604.863576103002, 5692.767702400684, 0.0]
resolution: 0.5
