free_thresh: 0.196
image: /images/amsterdam_cropped_917.png
map_bottom: 5804528.539684672
map_left: 628693.1833063213
map_right: 628842.8196656181
map_top: 5804709.8561837645
negate: 0
occupied_thresh: 0.65
origin: [628693.1833063213, 5804528.539684672, 0.0]
resolution: 0.5
