free_thresh: 0.196
image: /images/amsterdam_cropped_1670.png
map_bottom: 7551.904948028736
map_left: 6578.553853014484
map_right: 6810.15365125204
map_top: 7406.830740050413
negate: 0
occupied_thresh: 0.65
origin: [6578.553853014484, 7551.904948028736, 0.0]
resolution: 0.5
