free_thresh: 0.196
image: /images/amsterdam_cropped_115.png
map_bottom: 6365.245542217046
map_left: 6831.609539779136
map_right: 6952.428064290434
map_top: 6230.643379144371
negate: 0
occupied_thresh: 0.65
origin: [6831.609539779136, 6365.245542217046, 0.0]
resolution: 0.5
