free_thresh: 0.196
image: /images/amsterdam_cropped_647.png
map_bottom: 5803534.119839629
map_left: 628602.2892109607
map_right: 629003.7029865794
map_top: 5803638.109154733
negate: 0
occupied_thresh: 0.65
origin: [628602.2892109607, 5803534.119839629, 0.0]
resolution: 0.5
