free_thresh: 0.196
image: /images/amsterdam_cropped_641.png
map_bottom: 6086.954487194307
map_left: 5881.818101195386
map_right: 6128.565884487354
map_top: 5714.803013449535
negate: 0
occupied_thresh: 0.65
origin: [5881.818101195386, 6086.954487194307, 0.0]
resolution: 0.5
