free_thresh: 0.196
image: /images/amsterdam_cropped_131.png
map_bottom: 5803129.770889413
map_left: 630420.0866226329
map_right: 630685.5536111633
map_top: 5803300.042418326
negate: 0
occupied_thresh: 0.65
origin: [630420.0866226329, 5803129.770889413, 0.0]
resolution: 0.5
