free_thresh: 0.196
image: /images/amsterdam_cropped_1187.png
map_bottom: 8074.199825342745
map_left: 5656.950534275151
map_right: 6120.792458866024
map_top: 7777.794944111258
negate: 0
occupied_thresh: 0.65
origin: [5656.950534275151, 8074.199825342745, 0.0]
resolution: 0.5
