free_thresh: 0.196
image: /images/amsterdam_cropped_1440.png
map_bottom: 5804499.055680064
map_left: 628087.8376883663
map_right: 628345.4694170189
map_top: 5804637.327688068
negate: 0
occupied_thresh: 0.65
origin: [628087.8376883663, 5804499.055680064, 0.0]
resolution: 0.5
