free_thresh: 0.196
image: /images/amsterdam_cropped_1951.png
map_bottom: 7479.775388267823
map_left: 7418.613544078311
map_right: 7681.346290124813
map_top: 7326.533954755403
negate: 0
occupied_thresh: 0.65
origin: [7418.613544078311, 7479.775388267823, 0.0]
resolution: 0.5
