free_thresh: 0.196
image: /images/amsterdam_cropped_1706.png
map_bottom: 7841.085778716952
map_left: 6797.345143444603
map_right: 7155.917554009706
map_top: 7655.9411392482
negate: 0
occupied_thresh: 0.65
origin: [6797.345143444603, 7841.085778716952, 0.0]
resolution: 0.5
