free_thresh: 0.196
image: /images/amsterdam_cropped_1729.png
map_bottom: 5805692.453219743
map_left: 628302.588897608
map_right: 628402.6615568982
map_top: 5805933.237650761
negate: 0
occupied_thresh: 0.65
origin: [628302.588897608, 5805692.453219743, 0.0]
resolution: 0.5
