free_thresh: 0.196
image: /images/amsterdam_cropped_1427.png
map_bottom: 5803914.71852817
map_left: 628942.0000464323
map_right: 629113.6454796657
map_top: 5804137.458030176
negate: 0
occupied_thresh: 0.65
origin: [628942.0000464323, 5803914.71852817, 0.0]
resolution: 0.5
