free_thresh: 0.196
image: /images/amsterdam_cropped_2036.png
map_bottom: 5536.366528149694
map_left: 6570.818989407737
map_right: 6837.7110508355545
map_top: 5315.210336796008
negate: 0
occupied_thresh: 0.65
origin: [6570.818989407737, 5536.366528149694, 0.0]
resolution: 0.5
