free_thresh: 0.196
image: /images/amsterdam_cropped_658.png
map_bottom: 5814.803013449535
map_left: 5880.328778750612
map_right: 6128.565884487354
map_top: 5585.234955364838
negate: 0
occupied_thresh: 0.65
origin: [5880.328778750612, 5814.803013449535, 0.0]
resolution: 0.5
