free_thresh: 0.196
image: /images/amsterdam_cropped_1166.png
map_bottom: 6949.983687517233
map_left: 5801.7403947759885
map_right: 5908.551133770146
map_top: 6627.782326731831
negate: 0
occupied_thresh: 0.65
origin: [5801.7403947759885, 6949.983687517233, 0.0]
resolution: 0.5
