free_thresh: 0.196
image: /images/amsterdam_cropped_2043.png
map_bottom: 6221.548028498888
map_left: 8814.297351977322
map_right: 9108.079642109573
map_top: 6062.728143517859
negate: 0
occupied_thresh: 0.65
origin: [8814.297351977322, 6221.548028498888, 0.0]
resolution: 0.5
