free_thresh: 0.196
image: /images/amsterdam_cropped_1192.png
map_bottom: 7261.390561942011
map_left: 6654.94880135695
map_right: 6828.78296856524
map_top: 7154.090736192651
negate: 0
occupied_thresh: 0.65
origin: [6654.94880135695, 7261.390561942011, 0.0]
resolution: 0.5
