free_thresh: 0.196
image: /images/amsterdam_cropped_936.png
map_bottom: 5803746.79484412
map_left: 630680.999922083
map_right: 630931.6934941349
map_top: 5804005.494956573
negate: 0
occupied_thresh: 0.65
origin: [630680.999922083, 5803746.79484412, 0.0]
resolution: 0.5
