free_thresh: 0.196
image: /images/amsterdam_cropped_1917.png
map_bottom: 5804464.121427316
map_left: 630090.5528462033
map_right: 630376.0419884357
map_top: 5804656.059328078
negate: 0
occupied_thresh: 0.65
origin: [630090.5528462033, 5804464.121427316, 0.0]
resolution: 0.5
