free_thresh: 0.196
image: /images/amsterdam_cropped_97.png
map_bottom: 5803530.98622152
map_left: 627423.3223446092
map_right: 627606.5330503703
map_top: 5803813.7941597365
negate: 0
occupied_thresh: 0.65
origin: [627423.3223446092, 5803530.98622152, 0.0]
resolution: 0.5
