free_thresh: 0.196
image: /images/amsterdam_cropped_93.png
map_bottom: 7480.610208380036
map_left: 4867.094166053808
map_right: 5019.02530209336
map_top: 7263.987238147296
negate: 0
occupied_thresh: 0.65
origin: [4867.094166053808, 7480.610208380036, 0.0]
resolution: 0.5
