free_thresh: 0.196
image: /images/amsterdam_cropped_369.png
map_bottom: 5803468.60366646
map_left: 628252.3999812475
map_right: 628379.4538009652
map_top: 5803785.915920642
negate: 0
occupied_thresh: 0.65
origin: [628252.3999812475, 5803468.60366646, 0.0]
resolution: 0.5
