free_thresh: 0.196
image: /images/amsterdam_cropped_693.png
map_bottom: 5335.662346344441
map_left: 5586.0185387054225
map_right: 5708.665122535196
map_top: 5176.979272572324
negate: 0
occupied_thresh: 0.65
origin: [5586.0185387054225, 5335.662346344441, 0.0]
resolution: 0.5
