free_thresh: 0.196
image: /images/amsterdam_cropped_127.png
map_bottom: 5803850.816612127
map_left: 627746.2685025281
map_right: 628010.5112313237
map_top: 5804026.5305933505
negate: 0
occupied_thresh: 0.65
origin: [627746.2685025281, 5803850.816612127, 0.0]
resolution: 0.5
