free_thresh: 0.196
image: /images/amsterdam_cropped_1203.png
map_bottom: 5802991.045783029
map_left: 629046.4125713379
map_right: 629153.9529483203
map_top: 5803199.356561742
negate: 0
occupied_thresh: 0.65
origin: [629046.4125713379, 5802991.045783029, 0.0]
resolution: 0.5
