free_thresh: 0.196
image: /images/amsterdam_cropped_1672.png
map_bottom: 7918.748695336282
map_left: 5973.062563503161
map_right: 6140.069360519992
map_top: 7689.461673202924
negate: 0
occupied_thresh: 0.65
origin: [5973.062563503161, 7918.748695336282, 0.0]
resolution: 0.5
