free_thresh: 0.196
image: /images/amsterdam_cropped_407.png
map_bottom: 7719.469474146143
map_left: 7168.873591769603
map_right: 7413.4983666562475
map_top: 7572.255484527908
negate: 0
occupied_thresh: 0.65
origin: [7168.873591769603, 7719.469474146143, 0.0]
resolution: 0.5
