free_thresh: 0.196
image: /images/amsterdam_cropped_1933.png
map_bottom: 7506.830740050413
map_left: 6710.15365125204
map_right: 7038.562121034251
map_top: 7330.718521587551
negate: 0
occupied_thresh: 0.65
origin: [6710.15365125204, 7506.830740050413, 0.0]
resolution: 0.5
