free_thresh: 0.196
image: /images/amsterdam_cropped_918.png
map_bottom: 5802808.190946892
map_left: 629895.9214738052
map_right: 630234.4617350402
map_top: 5802985.605810103
negate: 0
occupied_thresh: 0.65
origin: [629895.9214738052, 5802808.190946892, 0.0]
resolution: 0.5
