free_thresh: 0.196
image: /images/amsterdam_cropped_647.png
map_bottom: 7268.880160370842
map_left: 6145.289210960735
map_right: 6546.702986579388
map_top: 7164.890845267102
negate: 0
occupied_thresh: 0.65
origin: [6145.289210960735, 7268.880160370842, 0.0]
resolution: 0.5
