free_thresh: 0.196
image: /images/amsterdam_cropped_931.png
map_bottom: 7003.740505259484
map_left: 6960.706420182949
map_right: 7146.822468368569
map_top: 6856.703718605451
negate: 0
occupied_thresh: 0.65
origin: [6960.706420182949, 7003.740505259484, 0.0]
resolution: 0.5
