free_thresh: 0.196
image: /images/amsterdam_cropped_1417.png
map_bottom: 7552.332863247953
map_left: 4951.402140372433
map_right: 5234.458399732248
map_top: 7357.669587790035
negate: 0
occupied_thresh: 0.65
origin: [4951.402140372433, 7552.332863247953, 0.0]
resolution: 0.5
