free_thresh: 0.196
image: /images/amsterdam_cropped_916.png
map_bottom: 5313.75231522508
map_left: 5837.474382153829
map_right: 5940.566827186616
map_top: 5144.33768212609
negate: 0
occupied_thresh: 0.65
origin: [5837.474382153829, 5313.75231522508, 0.0]
resolution: 0.5
