free_thresh: 0.196
image: /images/amsterdam_cropped_521.png
map_bottom: 9165.067712214775
map_left: 3656.8132101587253
map_right: 3825.8635284751654
map_top: 8637.511887578294
negate: 0
occupied_thresh: 0.65
origin: [3656.8132101587253, 9165.067712214775, 0.0]
resolution: 0.5
