free_thresh: 0.196
image: /images/amsterdam_cropped_967.png
map_bottom: 6629.299092216417
map_left: 7382.660047617392
map_right: 7579.195412483765
map_top: 6418.909379698336
negate: 0
occupied_thresh: 0.65
origin: [7382.660047617392, 6629.299092216417, 0.0]
resolution: 0.5
