free_thresh: 0.196
image: /images/amsterdam_cropped_1915.png
map_bottom: 6734.484088143334
map_left: 7010.378703620285
map_right: 7130.6278724966105
map_top: 6575.634675377049
negate: 0
occupied_thresh: 0.65
origin: [7010.378703620285, 6734.484088143334, 0.0]
resolution: 0.5
