free_thresh: 0.196
image: /images/amsterdam_cropped_1931.png
map_bottom: 6626.796852534637
map_left: 5159.646803945652
map_right: 5264.0654955175705
map_top: 6487.063162541948
negate: 0
occupied_thresh: 0.65
origin: [5159.646803945652, 6626.796852534637, 0.0]
resolution: 0.5
