free_thresh: 0.196
image: /images/amsterdam_cropped_634.png
map_bottom: 6142.83838460315
map_left: 5406.722956191632
map_right: 5629.604507769458
map_top: 5695.200740762055
negate: 0
occupied_thresh: 0.65
origin: [5406.722956191632, 6142.83838460315, 0.0]
resolution: 0.5
