free_thresh: 0.196
image: /images/amsterdam_cropped_643.png
map_bottom: 7543.158176188357
map_left: 5682.958126237616
map_right: 5901.801511605736
map_top: 7319.048912397586
negate: 0
occupied_thresh: 0.65
origin: [5682.958126237616, 7543.158176188357, 0.0]
resolution: 0.5
