free_thresh: 0.196
image: /images/amsterdam_cropped_889.png
map_bottom: 5800668.377056898
map_left: 625847.65821612
map_right: 626070.2021588802
map_top: 5800846.071488791
negate: 0
occupied_thresh: 0.65
origin: [625847.65821612, 5800668.377056898, 0.0]
resolution: 0.5
