free_thresh: 0.196
image: /images/amsterdam_cropped_662.png
map_bottom: 9380.677512709983
map_left: 5867.927714929916
map_right: 6072.1451308444375
map_top: 9162.533203938045
negate: 0
occupied_thresh: 0.65
origin: [5867.927714929916, 9380.677512709983, 0.0]
resolution: 0.5
