free_thresh: 0.196
image: /images/amsterdam_cropped_1924.png
map_bottom: 5214.321184143424
map_left: 5642.920012598275
map_right: 5812.897995575797
map_top: 4922.636818206869
negate: 0
occupied_thresh: 0.65
origin: [5642.920012598275, 5214.321184143424, 0.0]
resolution: 0.5
