free_thresh: 0.196
image: /images/amsterdam_cropped_1680.png
map_bottom: 7370.4980208631605
map_left: 5426.560048035346
map_right: 5582.973424324999
map_top: 7149.65662617702
negate: 0
occupied_thresh: 0.65
origin: [5426.560048035346, 7370.4980208631605, 0.0]
resolution: 0.5
