free_thresh: 0.196
image: /images/amsterdam_cropped_1184.png
map_bottom: 7264.890845267102
map_left: 6329.940186777036
map_right: 6546.702986579388
map_top: 6977.529171985574
negate: 0
occupied_thresh: 0.65
origin: [6329.940186777036, 7264.890845267102, 0.0]
resolution: 0.5
