free_thresh: 0.196
image: /images/amsterdam_cropped_627.png
map_bottom: 7342.009424943477
map_left: 5953.895768213086
map_right: 6155.367202123045
map_top: 7151.952941075899
negate: 0
occupied_thresh: 0.65
origin: [5953.895768213086, 7342.009424943477, 0.0]
resolution: 0.5
