free_thresh: 0.196
image: /images/amsterdam_cropped_1199.png
map_bottom: 5997.073483566754
map_left: 6275.969879159704
map_right: 6508.185293460963
map_top: 5849.452217821963
negate: 0
occupied_thresh: 0.65
origin: [6275.969879159704, 5997.073483566754, 0.0]
resolution: 0.5
