free_thresh: 0.196
image: /images/amsterdam_cropped_1440.png
map_bottom: 6303.944319936447
map_left: 5630.8376883663
map_right: 5888.469417018932
map_top: 6165.6723119318485
negate: 0
occupied_thresh: 0.65
origin: [5630.8376883663, 6303.944319936447, 0.0]
resolution: 0.5
