free_thresh: 0.196
image: /images/amsterdam_cropped_1190.png
map_bottom: 7056.20515588019
map_left: 8117.245793738519
map_right: 8323.999922082992
map_top: 6891.817942020483
negate: 0
occupied_thresh: 0.65
origin: [8117.245793738519, 7056.20515588019, 0.0]
resolution: 0.5
