free_thresh: 0.196
image: /images/amsterdam_cropped_1413.png
map_bottom: 5902.543542357162
map_left: 6028.565884487354
map_right: 6229.133213320747
map_top: 5714.803013449535
negate: 0
occupied_thresh: 0.65
origin: [6028.565884487354, 5902.543542357162, 0.0]
resolution: 0.5
