free_thresh: 0.196
image: /images/amsterdam_cropped_1679.png
map_bottom: 7249.65662617702
map_left: 5370.421564968303
map_right: 5526.560048035346
map_top: 7028.807535273023
negate: 0
occupied_thresh: 0.65
origin: [5370.421564968303, 7249.65662617702, 0.0]
resolution: 0.5
