free_thresh: 0.196
image: /images/amsterdam_cropped_382.png
map_bottom: 6587.063162541948
map_left: 5164.0654955175705
map_right: 5356.475946585648
map_top: 6483.664093278348
negate: 0
occupied_thresh: 0.65
origin: [5164.0654955175705, 6587.063162541948, 0.0]
resolution: 0.5
