free_thresh: 0.196
image: /images/amsterdam_cropped_1690.png
map_bottom: 8264.358374128118
map_left: 6020.792458866024
map_right: 6356.537848324631
map_top: 7974.199825342745
negate: 0
occupied_thresh: 0.65
origin: [6020.792458866024, 8264.358374128118, 0.0]
resolution: 0.5
