free_thresh: 0.196
image: /images/amsterdam_cropped_906.png
map_bottom: 5804228.112506934
map_left: 629357.5330870445
map_right: 629479.7624168951
map_top: 5804404.931413698
negate: 0
occupied_thresh: 0.65
origin: [629357.5330870445, 5804228.112506934, 0.0]
resolution: 0.5
