free_thresh: 0.196
image: /images/amsterdam_cropped_635.png
map_bottom: 5803162.165490023
map_left: 630260.6876447173
map_right: 630407.0501486314
map_top: 5803289.212244927
negate: 0
occupied_thresh: 0.65
origin: [630260.6876447173, 5803162.165490023, 0.0]
resolution: 0.5
