free_thresh: 0.196
image: /images/amsterdam_cropped_129.png
map_bottom: 7902.963740605861
map_left: 6596.952948320308
map_right: 6702.200334047899
map_top: 7711.954216971062
negate: 0
occupied_thresh: 0.65
origin: [6596.952948320308, 7902.963740605861, 0.0]
resolution: 0.5
