free_thresh: 0.196
image: /images/amsterdam_cropped_253.png
map_bottom: 7305.4406865416095
map_left: 8699.057851347607
map_right: 9123.555549995624
map_top: 7185.320260332897
negate: 0
occupied_thresh: 0.65
origin: [8699.057851347607, 7305.4406865416095, 0.0]
resolution: 0.5
