free_thresh: 0.196
image: /images/amsterdam_cropped_1189.png
map_bottom: 6952.183387872763
map_left: 5225.675891707186
map_right: 5389.268502528081
map_top: 6645.944629768841
negate: 0
occupied_thresh: 0.65
origin: [5225.675891707186, 6952.183387872763, 0.0]
resolution: 0.5
