free_thresh: 0.196
image: /images/amsterdam_cropped_1207.png
map_bottom: 5803372.281478412
map_left: 629395.5621210343
map_right: 629738.0342685676
map_top: 5803554.7846934395
negate: 0
occupied_thresh: 0.65
origin: [629395.5621210343, 5803372.281478412, 0.0]
resolution: 0.5
