free_thresh: 0.196
image: /images/amsterdam_cropped_94.png
map_bottom: 8825.736124647781
map_left: 5987.9531448513735
map_right: 6091.134149769205
map_top: 8595.943721995689
negate: 0
occupied_thresh: 0.65
origin: [5987.9531448513735, 8825.736124647781, 0.0]
resolution: 0.5
