free_thresh: 0.196
image: /images/amsterdam_cropped_655.png
map_bottom: 5805833.237650761
map_left: 628302.6615568982
map_right: 628742.0338002802
map_top: 5805964.471802739
negate: 0
occupied_thresh: 0.65
origin: [628302.6615568982, 5805833.237650761, 0.0]
resolution: 0.5
