free_thresh: 0.196
image: /images/amsterdam_cropped_1170.png
map_bottom: 5802795.303237375
map_left: 628430.0625635032
map_right: 628648.4156356612
map_top: 5802984.251304664
negate: 0
occupied_thresh: 0.65
origin: [628430.0625635032, 5802795.303237375, 0.0]
resolution: 0.5
