free_thresh: 0.196
image: /images/amsterdam_cropped_98.png
map_bottom: 6422.454334157519
map_left: 5306.032143722172
map_right: 5604.657897625468
map_top: 6252.188488260843
negate: 0
occupied_thresh: 0.65
origin: [5306.032143722172, 6422.454334157519, 0.0]
resolution: 0.5
