free_thresh: 0.196
image: /images/amsterdam_cropped_262.png
map_bottom: 5802314.4399942225
map_left: 629648.3512359731
map_right: 629854.2655486352
map_top: 5802749.084984202
negate: 0
occupied_thresh: 0.65
origin: [629648.3512359731, 5802314.4399942225, 0.0]
resolution: 0.5
