free_thresh: 0.196
image: /images/amsterdam_cropped_1476.png
map_bottom: 7571.957817569375
map_left: 6938.562121034251
map_right: 7088.9433627782855
map_top: 7330.718521587551
negate: 0
occupied_thresh: 0.65
origin: [6938.562121034251, 7571.957817569375, 0.0]
resolution: 0.5
