free_thresh: 0.196
image: /images/amsterdam_cropped_352.png
map_bottom: 5800780.277806583
map_left: 626058.8213077175
map_right: 626207.6897696416
map_top: 5800899.0006623
negate: 0
occupied_thresh: 0.65
origin: [626058.8213077175, 5800780.277806583, 0.0]
resolution: 0.5
