free_thresh: 0.196
image: /images/amsterdam_cropped_264.png
map_bottom: 9415.483162871562
map_left: 6586.369995922665
map_right: 6956.4488194105215
map_top: 9268.11273358576
negate: 0
occupied_thresh: 0.65
origin: [6586.369995922665, 9415.483162871562, 0.0]
resolution: 0.5
