free_thresh: 0.196
image: /images/amsterdam_cropped_403.png
map_bottom: 5803725.470828014
map_left: 628786.940186777
map_right: 629013.2677970214
map_top: 5803845.1377796605
negate: 0
occupied_thresh: 0.65
origin: [628786.940186777, 5803725.470828014, 0.0]
resolution: 0.5
