free_thresh: 0.196
image: /images/amsterdam_cropped_604.png
map_bottom: 5750.769127231091
map_left: 6059.991665924666
map_right: 6195.181210072944
map_top: 5584.855999923311
negate: 0
occupied_thresh: 0.65
origin: [6059.991665924666, 5750.769127231091, 0.0]
resolution: 0.5
