free_thresh: 0.196
image: /images/amsterdam_cropped_1670.png
map_bottom: 5803251.095051971
map_left: 629035.5538530145
map_right: 629267.153651252
map_top: 5803396.16925995
negate: 0
occupied_thresh: 0.65
origin: [629035.5538530145, 5803251.095051971, 0.0]
resolution: 0.5
