free_thresh: 0.196
image: /images/amsterdam_cropped_1923.png
map_bottom: 8286.988230863586
map_left: 6828.5398219825
map_right: 7092.658993457677
map_top: 8128.922539401799
negate: 0
occupied_thresh: 0.65
origin: [6828.5398219825, 8286.988230863586, 0.0]
resolution: 0.5
