free_thresh: 0.196
image: /images/amsterdam_cropped_1438.png
map_bottom: 6965.178138280287
map_left: 4619.840899778996
map_right: 4784.301195935812
map_top: 6721.944629218429
negate: 0
occupied_thresh: 0.65
origin: [4619.840899778996, 6965.178138280287, 0.0]
resolution: 0.5
