free_thresh: 0.196
image: /images/amsterdam_cropped_627.png
map_bottom: 5803460.9905750565
map_left: 628410.8957682131
map_right: 628612.367202123
map_top: 5803651.047058924
negate: 0
occupied_thresh: 0.65
origin: [628410.8957682131, 5803460.9905750565, 0.0]
resolution: 0.5
