free_thresh: 0.196
image: /images/amsterdam_cropped_1700.png
map_bottom: 6462.554600781761
map_left: 5548.7360354189295
map_right: 5810.332825642894
map_top: 6314.166077377275
negate: 0
occupied_thresh: 0.65
origin: [5548.7360354189295, 6462.554600781761, 0.0]
resolution: 0.5
