free_thresh: 0.196
image: /images/amsterdam_cropped_111.png
map_bottom: 5802958.789100181
map_left: 629625.8735917696
map_right: 629768.7435573214
map_top: 5803183.530525854
negate: 0
occupied_thresh: 0.65
origin: [629625.8735917696, 5802958.789100181, 0.0]
resolution: 0.5
