free_thresh: 0.196
image: /images/amsterdam_cropped_366.png
map_bottom: 6347.114850569516
map_left: 7819.041988435667
map_right: 8376.009605917032
map_top: 6146.940671921708
negate: 0
occupied_thresh: 0.65
origin: [7819.041988435667, 6347.114850569516, 0.0]
resolution: 0.5
