free_thresh: 0.196
image: /images/amsterdam_cropped_1241.png
map_bottom: 5525.575797804631
map_left: 6176.961349423975
map_right: 6461.478234756505
map_top: 5413.847380342893
negate: 0
occupied_thresh: 0.65
origin: [6176.961349423975, 5525.575797804631, 0.0]
resolution: 0.5
