free_thresh: 0.196
image: /images/amsterdam_cropped_1237.png
map_bottom: 6204.317928769626
map_left: 6969.374074198655
map_right: 7138.99962663569
map_top: 6057.070362243801
negate: 0
occupied_thresh: 0.65
origin: [6969.374074198655, 6204.317928769626, 0.0]
resolution: 0.5
