free_thresh: 0.196
image: /images/amsterdam_cropped_433.png
map_bottom: 7254.090736192651
map_left: 6547.908688615658
map_right: 6754.94880135695
map_top: 7145.65700818412
negate: 0
occupied_thresh: 0.65
origin: [6547.908688615658, 7254.090736192651, 0.0]
resolution: 0.5
