free_thresh: 0.196
image: /images/amsterdam_cropped_605.png
map_bottom: 6326.473767427728
map_left: 5757.15659872361
map_right: 5888.469417018932
map_top: 6165.6723119318485
negate: 0
occupied_thresh: 0.65
origin: [5757.15659872361, 6326.473767427728, 0.0]
resolution: 0.5
