free_thresh: 0.196
image: /images/amsterdam_cropped_1911.png
map_bottom: 5804414.3530835
map_left: 628330.8854357842
map_right: 628557.2389151823
map_top: 5804754.142214179
negate: 0
occupied_thresh: 0.65
origin: [628330.8854357842, 5804414.3530835, 0.0]
resolution: 0.5
