free_thresh: 0.196
image: /images/amsterdam_cropped_1173.png
map_bottom: 5803557.916877583
map_left: 629792.9590418272
map_right: 630074.3154877502
map_top: 5803866.588936848
negate: 0
occupied_thresh: 0.65
origin: [629792.9590418272, 5803557.916877583, 0.0]
resolution: 0.5
