free_thresh: 0.196
image: /images/amsterdam_cropped_398.png
map_bottom: 5805534.606985331
map_left: 627543.7595644633
map_right: 628080.2889456828
map_top: 5805654.180874995
negate: 0
occupied_thresh: 0.65
origin: [627543.7595644633, 5805534.606985331, 0.0]
resolution: 0.5
