free_thresh: 0.196
image: /images/amsterdam_cropped_2035.png
map_bottom: 5513.847380342893
map_left: 6361.478234756505
map_right: 6670.818989407737
map_top: 5315.210336796008
negate: 0
occupied_thresh: 0.65
origin: [6361.478234756505, 5513.847380342893, 0.0]
resolution: 0.5
