free_thresh: 0.196
image: /images/amsterdam_cropped_1689.png
map_bottom: 5802925.205055889
map_left: 628041.2343204364
map_right: 628213.9505342752
map_top: 5803154.301312284
negate: 0
occupied_thresh: 0.65
origin: [628041.2343204364, 5802925.205055889, 0.0]
resolution: 0.5
