free_thresh: 0.196
image: /images/amsterdam_cropped_381.png
map_bottom: 5802955.286952313
map_left: 628497.06936052
map_right: 628863.6240872036
map_top: 5803113.538326797
negate: 0
occupied_thresh: 0.65
origin: [628497.06936052, 5802955.286952313, 0.0]
resolution: 0.5
