free_thresh: 0.196
image: /images/amsterdam_cropped_1142.png
map_bottom: 8074.199825342745
map_left: 6020.792458866024
map_right: 6191.415635661222
map_top: 7907.696762625128
negate: 0
occupied_thresh: 0.65
origin: [6020.792458866024, 8074.199825342745, 0.0]
resolution: 0.5
