free_thresh: 0.196
image: /images/amsterdam_cropped_434.png
map_bottom: 7426.533954755403
map_left: 7268.621832416626
map_right: 7518.613544078311
map_top: 7213.744479361922
negate: 0
occupied_thresh: 0.65
origin: [7268.621832416626, 7426.533954755403, 0.0]
resolution: 0.5
