free_thresh: 0.196
image: /images/amsterdam_cropped_914.png
map_bottom: 5803879.873384741
map_left: 630079.2270860458
map_right: 630309.1712354549
map_top: 5804125.206878518
negate: 0
occupied_thresh: 0.65
origin: [630079.2270860458, 5803879.873384741, 0.0]
resolution: 0.5
