free_thresh: 0.196
image: /images/amsterdam_cropped_1176.png
map_bottom: 5804645.929637756
map_left: 629260.6248333725
map_right: 629526.3740741987
map_top: 5804752.5903086215
negate: 0
occupied_thresh: 0.65
origin: [629260.6248333725, 5804645.929637756, 0.0]
resolution: 0.5
