free_thresh: 0.196
image: /images/amsterdam_cropped_1571.png
map_bottom: 5803131.272487955
map_left: 629445.9433627783
map_right: 629582.0190361252
map_top: 5803331.042182431
negate: 0
occupied_thresh: 0.65
origin: [629445.9433627783, 5803131.272487955, 0.0]
resolution: 0.5
