free_thresh: 0.196
image: /images/amsterdam_cropped_124.png
map_bottom: 5803250.667136752
map_left: 627376.0253020934
map_right: 627508.4021403724
map_top: 5803422.38979162
negate: 0
occupied_thresh: 0.65
origin: [627376.0253020934, 5803250.667136752, 0.0]
resolution: 0.5
