free_thresh: 0.196
image: /images/amsterdam_cropped_1681.png
map_bottom: 9008.603311563842
map_left: 4889.119631593116
map_right: 5179.8782865024405
map_top: 8890.757428720593
negate: 0
occupied_thresh: 0.65
origin: [4889.119631593116, 9008.603311563842, 0.0]
resolution: 0.5
