free_thresh: 0.196
image: /images/amsterdam_cropped_1689.png
map_bottom: 7877.794944111258
map_left: 5584.2343204363715
map_right: 5756.950534275151
map_top: 7648.698687716387
negate: 0
occupied_thresh: 0.65
origin: [5584.2343204363715, 7877.794944111258, 0.0]
resolution: 0.5
