free_thresh: 0.196
image: /images/amsterdam_cropped_1186.png
map_bottom: 6620.308228335343
map_left: 6076.030375528731
map_right: 6211.898747428902
map_top: 6368.016168039292
negate: 0
occupied_thresh: 0.65
origin: [6076.030375528731, 6620.308228335343, 0.0]
resolution: 0.5
