free_thresh: 0.196
image: /images/amsterdam_cropped_1815.png
map_bottom: 5803047.058860752
map_left: 629482.0190361252
map_right: 629612.9175540097
map_top: 5803231.272487955
negate: 0
occupied_thresh: 0.65
origin: [629482.0190361252, 5803047.058860752, 0.0]
resolution: 0.5
