free_thresh: 0.196
image: /images/amsterdam_cropped_651.png
map_bottom: 9914.252946387045
map_left: 4739.070873592049
map_right: 5164.026806369191
map_top: 9755.215401331894
negate: 0
occupied_thresh: 0.65
origin: [4739.070873592049, 9914.252946387045, 0.0]
resolution: 0.5
