free_thresh: 0.196
image: /images/amsterdam_cropped_1336.png
map_bottom: 5805373.735942276
map_left: 628444.0352140141
map_right: 628560.2137368954
map_top: 5805649.552443192
negate: 0
occupied_thresh: 0.65
origin: [628444.0352140141, 5805373.735942276, 0.0]
resolution: 0.5
