free_thresh: 0.196
image: /images/amsterdam_cropped_1702.png
map_bottom: 5803811.005949577
map_left: 629152.387685324
map_right: 629339.4079507824
map_top: 5803938.10243008
negate: 0
occupied_thresh: 0.65
origin: [629152.387685324, 5803811.005949577, 0.0]
resolution: 0.5
