free_thresh: 0.196
image: /images/amsterdam_cropped_2045.png
map_bottom: 6162.728143517859
map_left: 8814.297351977322
map_right: 8941.483630231
map_top: 5940.581911935471
negate: 0
occupied_thresh: 0.65
origin: [8814.297351977322, 6162.728143517859, 0.0]
resolution: 0.5
