free_thresh: 0.196
image: /images/amsterdam_cropped_2037.png
map_bottom: 5804986.2574305665
map_left: 629194.7110508356
map_right: 629792.5660399426
map_top: 5805366.63347185
negate: 0
occupied_thresh: 0.65
origin: [629194.7110508356, 5804986.2574305665, 0.0]
resolution: 0.5
