free_thresh: 0.196
image: /images/amsterdam_cropped_1429.png
map_bottom: 5802900.036259394
map_left: 629059.2003340479
map_right: 629354.3451434446
map_top: 5803061.914221283
negate: 0
occupied_thresh: 0.65
origin: [629059.2003340479, 5802900.036259394, 0.0]
resolution: 0.5
