free_thresh: 0.196
image: /images/amsterdam_cropped_1422.png
map_bottom: 7149.793454843573
map_left: 6596.215832956368
map_right: 6795.387685323949
map_top: 6864.897569919936
negate: 0
occupied_thresh: 0.65
origin: [6596.215832956368, 7149.793454843573, 0.0]
resolution: 0.5
