free_thresh: 0.196
image: /images/amsterdam_cropped_697.png
map_bottom: 5804598.68207123
map_left: 629495.9996266357
map_right: 629711.0171836311
map_top: 5804901.144962645
negate: 0
occupied_thresh: 0.65
origin: [629495.9996266357, 5804598.68207123, 0.0]
resolution: 0.5
