free_thresh: 0.196
image: /images/amsterdam_cropped_265.png
map_bottom: 5253.44755680766
map_left: 6003.213736895355
map_right: 6112.736193036428
map_top: 4991.382221600972
negate: 0
occupied_thresh: 0.65
origin: [6003.213736895355, 5253.44755680766, 0.0]
resolution: 0.5
