free_thresh: 0.196
image: /images/amsterdam_cropped_917.png
map_bottom: 6274.460315328091
map_left: 6236.183306321269
map_right: 6385.819665618124
map_top: 6093.143816235475
negate: 0
occupied_thresh: 0.65
origin: [6236.183306321269, 6274.460315328091, 0.0]
resolution: 0.5
