free_thresh: 0.196
image: /images/amsterdam_cropped_2049.png
map_bottom: 6001.855037354864
map_left: 7154.0171836310765
map_right: 7335.566039942554
map_top: 5716.742569433525
negate: 0
occupied_thresh: 0.65
origin: [7154.0171836310765, 6001.855037354864, 0.0]
resolution: 0.5
