free_thresh: 0.196
image: /images/amsterdam_cropped_1431.png
map_bottom: 5802516.011769136
map_left: 628713.5378483246
map_right: 629385.5398219825
map_top: 5802638.641625872
negate: 0
occupied_thresh: 0.65
origin: [628713.5378483246, 5802516.011769136, 0.0]
resolution: 0.5
