free_thresh: 0.196
image: /images/amsterdam_cropped_1678.png
map_bottom: 6745.944629768841
map_left: 5225.675891707186
map_right: 5356.475946585648
map_top: 6483.664093278348
negate: 0
occupied_thresh: 0.65
origin: [5225.675891707186, 6745.944629768841, 0.0]
resolution: 0.5
