free_thresh: 0.196
image: /images/amsterdam_cropped_388.png
map_bottom: 7361.08210677281
map_left: 5265.210627006483
map_right: 5422.771745474776
map_top: 7069.599944067188
negate: 0
occupied_thresh: 0.65
origin: [5265.210627006483, 7361.08210677281, 0.0]
resolution: 0.5
