free_thresh: 0.196
image: /images/amsterdam_cropped_1426.png
map_bottom: 5804134.254061056
map_left: 629080.5184280202
map_right: 629285.7616598787
map_top: 5804374.237594861
negate: 0
occupied_thresh: 0.65
origin: [629080.5184280202, 5804134.254061056, 0.0]
resolution: 0.5
