free_thresh: 0.196
image: /images/amsterdam_cropped_1336.png
map_bottom: 5429.264057723805
map_left: 5987.0352140141185
map_right: 6103.213736895355
map_top: 5153.44755680766
negate: 0
occupied_thresh: 0.65
origin: [5987.0352140141185, 5429.264057723805, 0.0]
resolution: 0.5
