free_thresh: 0.196
image: /images/amsterdam_cropped_99.png
map_bottom: 5803711.767310068
map_left: 630034.1968666196
map_right: 630345.4627814604
map_top: 5803925.819812289
negate: 0
occupied_thresh: 0.65
origin: [630034.1968666196, 5803711.767310068, 0.0]
resolution: 0.5
