free_thresh: 0.196
image: /images/amsterdam_cropped_1424.png
map_bottom: 5804284.090620302
map_left: 629725.3998195668
map_right: 630036.1954124838
map_top: 5804538.343834004
negate: 0
occupied_thresh: 0.65
origin: [629725.3998195668, 5804284.090620302, 0.0]
resolution: 0.5
