free_thresh: 0.196
image: /images/amsterdam_cropped_969.png
map_bottom: 5804081.640061555
map_left: 629729.0816820665
map_right: 629939.6600476174
map_top: 5804273.700907784
negate: 0
occupied_thresh: 0.65
origin: [629729.0816820665, 5804081.640061555, 0.0]
resolution: 0.5
