free_thresh: 0.196
image: /images/amsterdam_cropped_659.png
map_bottom: 7162.026574047282
map_left: 5582.394642235828
map_right: 5763.614247019053
map_top: 7031.311509139836
negate: 0
occupied_thresh: 0.65
origin: [5582.394642235828, 7162.026574047282, 0.0]
resolution: 0.5
