free_thresh: 0.196
image: /images/amsterdam_cropped_1415.png
map_bottom: 5803548.909263807
map_left: 629111.948801357
map_right: 629248.7082996101
map_top: 5803738.238636868
negate: 0
occupied_thresh: 0.65
origin: [629111.948801357, 5803548.909263807, 0.0]
resolution: 0.5
