free_thresh: 0.196
image: /images/amsterdam_cropped_410.png
map_bottom: 6831.416254793294
map_left: 7341.241316126077
map_right: 7499.096174651408
map_top: 6681.5257530305535
negate: 0
occupied_thresh: 0.65
origin: [7341.241316126077, 6831.416254793294, 0.0]
resolution: 0.5
