free_thresh: 0.196
image: /images/amsterdam_cropped_629.png
map_bottom: 7972.341231731698
map_left: 3971.356300863088
map_right: 4252.283728976385
map_top: 7802.25401870627
negate: 0
occupied_thresh: 0.65
origin: [3971.356300863088, 7972.341231731698, 0.0]
resolution: 0.5
