free_thresh: 0.196
image: /images/amsterdam_cropped_101.png
map_bottom: 5803847.5776657965
map_left: 628408.6771334665
map_right: 628516.2299222287
map_top: 5804169.798874648
negate: 0
occupied_thresh: 0.65
origin: [628408.6771334665, 5803847.5776657965, 0.0]
resolution: 0.5
