free_thresh: 0.196
image: /images/amsterdam_cropped_1442.png
map_bottom: 7419.048912397586
map_left: 5682.958126237616
map_right: 5922.453800965217
map_top: 7234.3963335398585
negate: 0
occupied_thresh: 0.65
origin: [5682.958126237616, 7419.048912397586, 0.0]
resolution: 0.5
