free_thresh: 0.196
image: /images/amsterdam_cropped_158.png
map_bottom: 5091.382221600972
map_left: 6012.736193036428
map_right: 6281.25102042465
map_top: 4988.09076373186
negate: 0
occupied_thresh: 0.65
origin: [6012.736193036428, 5091.382221600972, 0.0]
resolution: 0.5
