free_thresh: 0.196
image: /images/amsterdam_cropped_919.png
map_bottom: 5022.636818206869
map_left: 5712.897995575797
map_right: 5835.346892017871
map_top: 4846.04039631132
negate: 0
occupied_thresh: 0.65
origin: [5712.897995575797, 5022.636818206869, 0.0]
resolution: 0.5
