free_thresh: 0.196
image: /images/amsterdam_cropped_377.png
map_bottom: 6765.541969823651
map_left: 6556.64547966572
map_right: 6723.518428020179
map_top: 6568.745938943699
negate: 0
occupied_thresh: 0.65
origin: [6556.64547966572, 6765.541969823651, 0.0]
resolution: 0.5
