free_thresh: 0.196
image: /images/amsterdam_cropped_906.png
map_bottom: 6574.887493065558
map_left: 6900.533087044489
map_right: 7022.76241689513
map_top: 6398.06858630199
negate: 0
occupied_thresh: 0.65
origin: [6900.533087044489, 6574.887493065558, 0.0]
resolution: 0.5
