free_thresh: 0.196
image: /images/amsterdam_cropped_904.png
map_bottom: 6206.541845598258
map_left: 6738.487791749067
map_right: 6903.624833372538
map_top: 6050.409691378474
negate: 0
occupied_thresh: 0.65
origin: [6738.487791749067, 6206.541845598258, 0.0]
resolution: 0.5
