free_thresh: 0.196
image: /images/amsterdam_cropped_1164.png
map_bottom: 10191.994369686581
map_left: 3723.3917188772466
map_right: 4130.532583054388
map_top: 10020.350438003428
negate: 0
occupied_thresh: 0.65
origin: [3723.3917188772466, 10191.994369686581, 0.0]
resolution: 0.5
