free_thresh: 0.196
image: /images/amsterdam_cropped_658.png
map_bottom: 5804988.19698655
map_left: 628337.3287787506
map_right: 628585.5658844874
map_top: 5805217.765044635
negate: 0
occupied_thresh: 0.65
origin: [628337.3287787506, 5804988.19698655, 0.0]
resolution: 0.5
