free_thresh: 0.196
image: /images/amsterdam_cropped_633.png
map_bottom: 6848.513429281302
map_left: 6952.820619975217
map_right: 7096.3455464531435
map_top: 6688.829525870271
negate: 0
occupied_thresh: 0.65
origin: [6952.820619975217, 6848.513429281302, 0.0]
resolution: 0.5
