free_thresh: 0.196
image: /images/amsterdam_cropped_786.png
map_bottom: 7230.437423763797
map_left: 8673.692075669882
map_right: 9145.541371226544
map_top: 7120.850664306432
negate: 0
occupied_thresh: 0.65
origin: [8673.692075669882, 7230.437423763797, 0.0]
resolution: 0.5
