free_thresh: 0.196
image: /images/amsterdam_cropped_1918.png
map_bottom: 5804100.708204349
map_left: 629146.5861460245
map_right: 629341.8705856523
map_top: 5804351.560737895
negate: 0
occupied_thresh: 0.65
origin: [629146.5861460245, 5804100.708204349, 0.0]
resolution: 0.5
