free_thresh: 0.196
image: /images/amsterdam_cropped_923.png
map_bottom: 6583.664093278348
map_left: 5256.475946585648
map_right: 5406.032143722172
map_top: 6322.454334157519
negate: 0
occupied_thresh: 0.65
origin: [5256.475946585648, 6583.664093278348, 0.0]
resolution: 0.5
