free_thresh: 0.196
image: /images/amsterdam_cropped_1163.png
map_bottom: 7796.741313912906
map_left: 4399.12935135921
map_right: 4696.048989941948
map_top: 7613.204353477806
negate: 0
occupied_thresh: 0.65
origin: [4399.12935135921, 7796.741313912906, 0.0]
resolution: 0.5
