free_thresh: 0.196
image: /images/amsterdam_cropped_362.png
map_bottom: 8695.943721995689
map_left: 5970.646048485767
map_right: 6087.9531448513735
map_top: 8264.194536033086
negate: 0
occupied_thresh: 0.65
origin: [5970.646048485767, 8695.943721995689, 0.0]
resolution: 0.5
