free_thresh: 0.196
image: /images/amsterdam_cropped_1199.png
map_bottom: 5804805.926516433
map_left: 628732.9698791597
map_right: 628965.185293461
map_top: 5804953.547782178
negate: 0
occupied_thresh: 0.65
origin: [628732.9698791597, 5804805.926516433, 0.0]
resolution: 0.5
