free_thresh: 0.196
image: /images/amsterdam_cropped_125.png
map_bottom: 6148.857785820961
map_left: 6000.238915182301
map_right: 6229.133213320747
map_top: 5802.543542357162
negate: 0
occupied_thresh: 0.65
origin: [6000.238915182301, 6148.857785820961, 0.0]
resolution: 0.5
