free_thresh: 0.196
image: /images/amsterdam_cropped_1684.png
map_bottom: 6956.703718605451
map_left: 6960.706420182949
map_right: 7268.686726366868
map_top: 6696.646490249783
negate: 0
occupied_thresh: 0.65
origin: [6960.706420182949, 6956.703718605451, 0.0]
resolution: 0.5
