free_thresh: 0.196
image: /images/amsterdam_cropped_1690.png
map_bottom: 5802538.641625872
map_left: 628477.792458866
map_right: 628813.5378483246
map_top: 5802828.800174657
negate: 0
occupied_thresh: 0.65
origin: [628477.792458866, 5802538.641625872, 0.0]
resolution: 0.5
