free_thresh: 0.196
image: /images/amsterdam_cropped_1159.png
map_bottom: 5804450.811511739
map_left: 627961.6578976255
map_right: 628187.8376883663
map_top: 5804599.055680064
negate: 0
occupied_thresh: 0.65
origin: [627961.6578976255, 5804450.811511739, 0.0]
resolution: 0.5
