free_thresh: 0.196
image: /images/amsterdam_cropped_1439.png
map_bottom: 5804528.539684672
map_left: 628593.7605199066
map_right: 628793.1833063213
map_top: 5804690.377571806
negate: 0
occupied_thresh: 0.65
origin: [628593.7605199066, 5804528.539684672, 0.0]
resolution: 0.5
