free_thresh: 0.196
image: /images/amsterdam_cropped_2034.png
map_bottom: 5805110.232297599
map_left: 629061.863576103
map_right: 629294.7110508356
map_top: 5805366.63347185
negate: 0
occupied_thresh: 0.65
origin: [629061.863576103, 5805110.232297599, 0.0]
resolution: 0.5
