free_thresh: 0.196
image: /images/amsterdam_cropped_1239.png
map_bottom: 6330.643379144371
map_left: 6852.428064290434
map_right: 6969.147807206493
map_top: 6213.732862315141
negate: 0
occupied_thresh: 0.65
origin: [6852.428064290434, 6330.643379144371, 0.0]
resolution: 0.5
