free_thresh: 0.196
image: /images/amsterdam_cropped_125.png
map_bottom: 5804654.142214179
map_left: 628457.2389151823
map_right: 628686.1332133207
map_top: 5805000.456457643
negate: 0
occupied_thresh: 0.65
origin: [628457.2389151823, 5804654.142214179, 0.0]
resolution: 0.5
