free_thresh: 0.196
image: /images/amsterdam_cropped_1674.png
map_bottom: 5804951.69868573
map_left: 627493.2898481428
map_right: 627969.3379707182
map_top: 5805233.289904778
negate: 0
occupied_thresh: 0.65
origin: [627493.2898481428, 5804951.69868573, 0.0]
resolution: 0.5
