free_thresh: 0.196
image: /images/amsterdam_cropped_2037.png
map_bottom: 5816.742569433525
map_left: 6737.7110508355545
map_right: 7335.566039942554
map_top: 5436.366528149694
negate: 0
occupied_thresh: 0.65
origin: [6737.7110508355545, 5816.742569433525, 0.0]
resolution: 0.5
