free_thresh: 0.196
image: /images/amsterdam_cropped_1706.png
map_bottom: 5802961.914221283
map_left: 629254.3451434446
map_right: 629612.9175540097
map_top: 5803147.058860752
negate: 0
occupied_thresh: 0.65
origin: [629254.3451434446, 5802961.914221283, 0.0]
resolution: 0.5
