free_thresh: 0.196
image: /images/amsterdam_cropped_123.png
map_bottom: 6821.944629218429
map_left: 4619.840899778996
map_right: 5107.482909301994
map_top: 6582.156289379112
negate: 0
occupied_thresh: 0.65
origin: [4619.840899778996, 6821.944629218429, 0.0]
resolution: 0.5
