free_thresh: 0.196
image: /images/amsterdam_cropped_1927.png
map_bottom: 6423.6353587228805
map_left: 8276.009605917032
map_right: 8591.309515114408
map_top: 6247.114850569516
negate: 0
occupied_thresh: 0.65
origin: [8276.009605917032, 6423.6353587228805, 0.0]
resolution: 0.5
