free_thresh: 0.196
image: /images/amsterdam_cropped_652.png
map_bottom: 9855.215401331894
map_left: 5064.026806369191
map_right: 5425.172535886406
map_top: 9727.414686065167
negate: 0
occupied_thresh: 0.65
origin: [5064.026806369191, 9855.215401331894, 0.0]
resolution: 0.5
