free_thresh: 0.196
image: /images/amsterdam_cropped_914.png
map_bottom: 6923.126615258865
map_left: 7622.227086045779
map_right: 7852.171235454851
map_top: 6677.793121482246
negate: 0
occupied_thresh: 0.65
origin: [7622.227086045779, 6923.126615258865, 0.0]
resolution: 0.5
