free_thresh: 0.196
image: /images/amsterdam_cropped_657.png
map_bottom: 5805320.790119679
map_left: 628014.3101033797
map_right: 628203.6958856828
map_top: 5805485.126011767
negate: 0
occupied_thresh: 0.65
origin: [628014.3101033797, 5805320.790119679, 0.0]
resolution: 0.5
