free_thresh: 0.196
image: /images/amsterdam_cropped_1446.png
map_bottom: 7703.643438258208
map_left: 6578.553853014484
map_right: 6689.412571337889
map_top: 7451.904948028736
negate: 0
occupied_thresh: 0.65
origin: [6578.553853014484, 7703.643438258208, 0.0]
resolution: 0.5
