free_thresh: 0.196
image: /images/amsterdam_cropped_1430.png
map_bottom: 5803796.011041542
map_left: 627561.5989275787
map_right: 627728.4815689959
map_top: 5804105.838399239
negate: 0
occupied_thresh: 0.65
origin: [627561.5989275787, 5803796.011041542, 0.0]
resolution: 0.5
