free_thresh: 0.196
image: /images/amsterdam_cropped_908.png
map_bottom: 6733.201125351712
map_left: 5959.229922228726
map_right: 6063.142584134592
map_top: 6506.450623991899
negate: 0
occupied_thresh: 0.65
origin: [5959.229922228726, 6733.201125351712, 0.0]
resolution: 0.5
