free_thresh: 0.196
image: /images/amsterdam_cropped_1679.png
map_bottom: 5803553.343373823
map_left: 627827.4215649683
map_right: 627983.5600480353
map_top: 5803774.192464727
negate: 0
occupied_thresh: 0.65
origin: [627827.4215649683, 5803553.343373823, 0.0]
resolution: 0.5
