free_thresh: 0.196
image: /images/amsterdam_cropped_1191.png
map_bottom: 6954.5800528610125
map_left: 7235.858359115198
map_right: 7499.096174651408
map_top: 6731.416254793294
negate: 0
occupied_thresh: 0.65
origin: [7235.858359115198, 6954.5800528610125, 0.0]
resolution: 0.5
