free_thresh: 0.196
image: /images/amsterdam_cropped_408.png
map_bottom: 6605.01764604263
map_left: 8630.191138498252
map_right: 8797.93733653694
map_top: 6424.6397411338985
negate: 0
occupied_thresh: 0.65
origin: [8630.191138498252, 6605.01764604263, 0.0]
resolution: 0.5
