free_thresh: 0.196
image: /images/amsterdam_cropped_1335.png
map_bottom: 9368.11273358576
map_left: 6856.4488194105215
map_right: 7291.486789888935
map_top: 9182.403101162054
negate: 0
occupied_thresh: 0.65
origin: [6856.4488194105215, 9368.11273358576, 0.0]
resolution: 0.5
