free_thresh: 0.196
image: /images/amsterdam_cropped_1166.png
map_bottom: 5803853.016312483
map_left: 628258.740394776
map_right: 628365.5511337701
map_top: 5804175.217673268
negate: 0
occupied_thresh: 0.65
origin: [628258.740394776, 5803853.016312483, 0.0]
resolution: 0.5
