free_thresh: 0.196
image: /images/amsterdam_cropped_1201.png
map_bottom: 5803345.33041221
map_left: 627591.4583997322
map_right: 627879.7717454748
map_top: 5803541.917893227
negate: 0
occupied_thresh: 0.65
origin: [627591.4583997322, 5803345.33041221, 0.0]
resolution: 0.5
