free_thresh: 0.196
image: /images/amsterdam_cropped_1425.png
map_bottom: 6460.894182199612
map_left: 6842.432538946508
map_right: 6952.428064290434
map_top: 6230.643379144371
negate: 0
occupied_thresh: 0.65
origin: [6842.432538946508, 6460.894182199612, 0.0]
resolution: 0.5
