free_thresh: 0.196
image: /images/amsterdam_cropped_1444.png
map_bottom: 6956.703718605451
map_left: 6931.958675828995
map_right: 7060.706420182949
map_top: 6802.259151203558
negate: 0
occupied_thresh: 0.65
origin: [6931.958675828995, 6956.703718605451, 0.0]
resolution: 0.5
