free_thresh: 0.196
image: /images/amsterdam_cropped_936.png
map_bottom: 7056.20515588019
map_left: 8223.999922082992
map_right: 8474.693494134932
map_top: 6797.50504342746
negate: 0
occupied_thresh: 0.65
origin: [8223.999922082992, 7056.20515588019, 0.0]
resolution: 0.5
