free_thresh: 0.196
image: /images/amsterdam_cropped_1928.png
map_bottom: 5804609.8561837645
map_left: 628742.8196656181
map_right: 628965.185293461
map_top: 5804905.926516433
negate: 0
occupied_thresh: 0.65
origin: [628742.8196656181, 5804609.8561837645, 0.0]
resolution: 0.5
