free_thresh: 0.196
image: /images/amsterdam_cropped_1476.png
map_bottom: 5803231.042182431
map_left: 629395.5621210343
map_right: 629545.9433627783
map_top: 5803472.281478412
negate: 0
occupied_thresh: 0.65
origin: [629395.5621210343, 5803231.042182431, 0.0]
resolution: 0.5
