free_thresh: 0.196
image: /images/amsterdam_cropped_1170.png
map_bottom: 8007.696762625128
map_left: 5973.062563503161
map_right: 6191.415635661222
map_top: 7818.748695336282
negate: 0
occupied_thresh: 0.65
origin: [5973.062563503161, 8007.696762625128, 0.0]
resolution: 0.5
