free_thresh: 0.196
image: /images/amsterdam_cropped_1687.png
map_bottom: 5805526.020727428
map_left: 628065.6651225352
map_right: 628199.9200125983
map_top: 5805688.678815857
negate: 0
occupied_thresh: 0.65
origin: [628065.6651225352, 5805526.020727428, 0.0]
resolution: 0.5
