free_thresh: 0.196
image: /images/amsterdam_cropped_644.png
map_bottom: 5802900.036259394
map_left: 628763.6240872036
map_right: 629159.2003340479
map_top: 5803055.286952313
negate: 0
occupied_thresh: 0.65
origin: [628763.6240872036, 5802900.036259394, 0.0]
resolution: 0.5
