free_thresh: 0.196
image: /images/amsterdam_cropped_128.png
map_bottom: 7249.65662617702
map_left: 5426.560048035346
map_right: 5682.394642235828
map_top: 7062.026574047282
negate: 0
occupied_thresh: 0.65
origin: [5426.560048035346, 7249.65662617702, 0.0]
resolution: 0.5
