free_thresh: 0.196
image: /images/amsterdam_cropped_1183.png
map_bottom: 5805699.509362747
map_left: 628385.343374985
map_right: 628569.7361930364
map_top: 5805811.617778399
negate: 0
occupied_thresh: 0.65
origin: [628385.343374985, 5805699.509362747, 0.0]
resolution: 0.5
