free_thresh: 0.196
image: /images/amsterdam_cropped_1136.png
map_bottom: 6765.303424769081
map_left: 4593.788518616813
map_right: 4896.173724104883
map_top: 6273.344092899002
negate: 0
occupied_thresh: 0.65
origin: [4593.788518616813, 6765.303424769081, 0.0]
resolution: 0.5
