free_thresh: 0.196
image: /images/amsterdam_cropped_1694.png
map_bottom: 8737.511887578294
map_left: 3725.8635284751654
map_right: 3906.30172043317
map_top: 8293.239563985728
negate: 0
occupied_thresh: 0.65
origin: [3725.8635284751654, 8737.511887578294, 0.0]
resolution: 0.5
