free_thresh: 0.196
image: /images/amsterdam_cropped_1159.png
map_bottom: 6352.188488260843
map_left: 5504.657897625468
map_right: 5730.8376883663
map_top: 6203.944319936447
negate: 0
occupied_thresh: 0.65
origin: [5504.657897625468, 6352.188488260843, 0.0]
resolution: 0.5
