free_thresh: 0.196
image: /images/amsterdam_cropped_376.png
map_bottom: 6528.762405139394
map_left: 6728.761659878655
map_right: 6889.994944390142
map_top: 6335.339301186614
negate: 0
occupied_thresh: 0.65
origin: [6728.761659878655, 6528.762405139394, 0.0]
resolution: 0.5
