free_thresh: 0.196
image: /images/amsterdam_cropped_915.png
map_bottom: 6956.034101514146
map_left: 6473.1511179511435
map_right: 6585.000046432251
map_top: 6788.281471829861
negate: 0
occupied_thresh: 0.65
origin: [6473.1511179511435, 6956.034101514146, 0.0]
resolution: 0.5
