free_thresh: 0.196
image: /images/amsterdam_cropped_1682.png
map_bottom: 6977.180187710561
map_left: 7577.1968666196335
map_right: 7722.227086045779
map_top: 6823.126615258865
negate: 0
occupied_thresh: 0.65
origin: [7577.1968666196335, 6977.180187710561, 0.0]
resolution: 0.5
