free_thresh: 0.196
image: /images/amsterdam_cropped_1906.png
map_bottom: 7363.987238147296
map_left: 4778.524561130558
map_right: 4967.094166053808
map_top: 7071.29897826165
negate: 0
occupied_thresh: 0.65
origin: [4778.524561130558, 7363.987238147296, 0.0]
resolution: 0.5
