free_thresh: 0.196
image: /images/amsterdam_cropped_1667.png
map_bottom: 5801840.982816055
map_left: 628432.948238668
map_right: 628548.1341497692
map_top: 5802077.263875352
negate: 0
occupied_thresh: 0.65
origin: [628432.948238668, 5801840.982816055, 0.0]
resolution: 0.5
