free_thresh: 0.196
image: /images/amsterdam_cropped_633.png
map_bottom: 5803954.486570719
map_left: 629409.8206199752
map_right: 629553.3455464531
map_top: 5804114.17047413
negate: 0
occupied_thresh: 0.65
origin: [629409.8206199752, 5803954.486570719, 0.0]
resolution: 0.5
