free_thresh: 0.196
image: /images/amsterdam_cropped_388.png
map_bottom: 5803441.917893227
map_left: 627722.2106270065
map_right: 627879.7717454748
map_top: 5803733.400055933
negate: 0
occupied_thresh: 0.65
origin: [627722.2106270065, 5803441.917893227, 0.0]
resolution: 0.5
