free_thresh: 0.196
image: /images/amsterdam_cropped_1926.png
map_bottom: 5800716.53069523
map_left: 626688.6925061618
map_right: 627081.1629907911
map_top: 5800893.615679486
negate: 0
occupied_thresh: 0.65
origin: [626688.6925061618, 5800716.53069523, 0.0]
resolution: 0.5
