free_thresh: 0.196
image: /images/amsterdam_cropped_1207.png
map_bottom: 7430.718521587551
map_left: 6938.562121034251
map_right: 7281.034268567571
map_top: 7248.215306560509
negate: 0
occupied_thresh: 0.65
origin: [6938.562121034251, 7430.718521587551, 0.0]
resolution: 0.5
