free_thresh: 0.196
image: /images/amsterdam_cropped_915.png
map_bottom: 5803846.965898486
map_left: 628930.1511179511
map_right: 629042.0000464323
map_top: 5804014.71852817
negate: 0
occupied_thresh: 0.65
origin: [628930.1511179511, 5803846.965898486, 0.0]
resolution: 0.5
