free_thresh: 0.196
image: /images/amsterdam_cropped_124.png
map_bottom: 7552.332863247953
map_left: 4919.02530209336
map_right: 5051.402140372433
map_top: 7380.610208380036
negate: 0
occupied_thresh: 0.65
origin: [4919.02530209336, 7552.332863247953, 0.0]
resolution: 0.5
