free_thresh: 0.196
image: /images/amsterdam_cropped_108.png
map_bottom: 7792.521911345422
map_left: 7361.431817881181
map_right: 7691.61279616598
map_top: 7613.661873119883
negate: 0
occupied_thresh: 0.65
origin: [7361.431817881181, 7792.521911345422, 0.0]
resolution: 0.5
