free_thresh: 0.196
image: /images/amsterdam_cropped_929.png
map_bottom: 6547.9694022471085
map_left: 7073.450673137326
map_right: 7236.410826644744
map_top: 6174.649218504317
negate: 0
occupied_thresh: 0.65
origin: [7073.450673137326, 6547.9694022471085, 0.0]
resolution: 0.5
