free_thresh: 0.196
image: /images/amsterdam_cropped_605.png
map_bottom: 5804476.526232572
map_left: 628214.1565987236
map_right: 628345.4694170189
map_top: 5804637.327688068
negate: 0
occupied_thresh: 0.65
origin: [628214.1565987236, 5804476.526232572, 0.0]
resolution: 0.5
