free_thresh: 0.196
image: /images/amsterdam_cropped_2047.png
map_bottom: 5804745.128790135
map_left: 630942.0494235198
map_right: 631077.8099942803
map_top: 5804944.797410227
negate: 0
occupied_thresh: 0.65
origin: [630942.0494235198, 5804745.128790135, 0.0]
resolution: 0.5
