free_thresh: 0.196
image: /images/amsterdam_cropped_1728.png
map_bottom: 5805714.909236268
map_left: 628638.2510204247
map_right: 628742.0338002802
map_top: 5805964.471802739
negate: 0
occupied_thresh: 0.65
origin: [628638.2510204247, 5805714.909236268, 0.0]
resolution: 0.5
