free_thresh: 0.196
image: /images/amsterdam_cropped_1182.png
map_bottom: 5803383.951087602
map_left: 628116.4214545763
map_right: 628239.9581262376
map_top: 5803631.799175802
negate: 0
occupied_thresh: 0.65
origin: [628116.4214545763, 5803383.951087602, 0.0]
resolution: 0.5
