free_thresh: 0.196
image: /images/amsterdam_cropped_127.png
map_bottom: 6952.183387872763
map_left: 5289.268502528081
map_right: 5553.511231323704
map_top: 6776.46940664947
negate: 0
occupied_thresh: 0.65
origin: [5289.268502528081, 6952.183387872763, 0.0]
resolution: 0.5
