free_thresh: 0.196
image: /images/amsterdam_cropped_352.png
map_bottom: 10022.72219341714
map_left: 3601.8213077174732
map_right: 3750.6897696416127
map_top: 9903.999337700196
negate: 0
occupied_thresh: 0.65
origin: [3601.8213077174732, 10022.72219341714, 0.0]
resolution: 0.5
