free_thresh: 0.196
image: /images/amsterdam_cropped_378.png
map_bottom: 6265.6723119318485
map_left: 5788.469417018932
map_right: 5981.818101195386
map_top: 5986.954487194307
negate: 0
occupied_thresh: 0.65
origin: [5788.469417018932, 6265.6723119318485, 0.0]
resolution: 0.5
