free_thresh: 0.196
image: /images/amsterdam_cropped_128.png
map_bottom: 5803553.343373823
map_left: 627883.5600480353
map_right: 628139.3946422358
map_top: 5803740.973425953
negate: 0
occupied_thresh: 0.65
origin: [627883.5600480353, 5803553.343373823, 0.0]
resolution: 0.5
