free_thresh: 0.196
image: /images/amsterdam_cropped_1443.png
map_bottom: 5803468.60366646
map_left: 628279.4538009652
map_right: 628510.8957682131
map_top: 5803651.047058924
negate: 0
occupied_thresh: 0.65
origin: [628279.4538009652, 5803468.60366646, 0.0]
resolution: 0.5
