free_thresh: 0.196
image: /images/amsterdam_cropped_1431.png
map_bottom: 8286.988230863586
map_left: 6256.537848324631
map_right: 6928.5398219825
map_top: 8164.358374128118
negate: 0
occupied_thresh: 0.65
origin: [6256.537848324631, 8286.988230863586, 0.0]
resolution: 0.5
