free_thresh: 0.196
image: /images/amsterdam_cropped_650.png
map_bottom: 9652.821762743406
map_left: 5650.043842341867
map_right: 6072.1451308444375
map_top: 9280.677512709983
negate: 0
occupied_thresh: 0.65
origin: [5650.043842341867, 9652.821762743406, 0.0]
resolution: 0.5
