free_thresh: 0.196
image: /images/amsterdam_cropped_966.png
map_bottom: 7430.718521587551
map_left: 6915.525513151893
map_right: 7038.562121034251
map_top: 7265.551007673144
negate: 0
occupied_thresh: 0.65
origin: [6915.525513151893, 7430.718521587551, 0.0]
resolution: 0.5
