free_thresh: 0.196
image: /images/amsterdam_cropped_637.png
map_bottom: 5800746.071488791
map_left: 625970.2021588802
map_right: 626158.8213077175
map_top: 5800880.277806583
negate: 0
occupied_thresh: 0.65
origin: [625970.2021588802, 5800746.071488791, 0.0]
resolution: 0.5
