free_thresh: 0.196
image: /images/amsterdam_cropped_628.png
map_bottom: 7551.904948028736
map_left: 6369.350448973011
map_right: 6678.553853014484
map_top: 7410.976251180284
negate: 0
occupied_thresh: 0.65
origin: [6369.350448973011, 7551.904948028736, 0.0]
resolution: 0.5
