free_thresh: 0.196
image: /images/amsterdam_cropped_2040.png
map_bottom: 6057.871209865436
map_left: 7687.432554757688
map_right: 8585.049423519755
map_top: 5698.243699957617
negate: 0
occupied_thresh: 0.65
origin: [7687.432554757688, 6057.871209865436, 0.0]
resolution: 0.5
