free_thresh: 0.196
image: /images/amsterdam_cropped_1188.png
map_bottom: 7261.390561942011
map_left: 6728.78296856524
map_right: 6885.266981238034
map_top: 7076.105621011928
negate: 0
occupied_thresh: 0.65
origin: [6728.78296856524, 7261.390561942011, 0.0]
resolution: 0.5
