free_thresh: 0.196
image: /images/amsterdam_cropped_339.png
map_bottom: 8393.239563985728
map_left: 3806.30172043317
map_right: 4071.356300863088
map_top: 7872.341231731698
negate: 0
occupied_thresh: 0.65
origin: [3806.30172043317, 8393.239563985728, 0.0]
resolution: 0.5
