free_thresh: 0.196
image: /images/amsterdam_cropped_910.png
map_bottom: 7117.084079357795
map_left: 5795.399981247494
map_right: 5901.7403947759885
map_top: 6849.983687517233
negate: 0
occupied_thresh: 0.65
origin: [5795.399981247494, 7117.084079357795, 0.0]
resolution: 0.5
