free_thresh: 0.196
image: /images/amsterdam_cropped_96.png
map_bottom: 9823.239433981478
map_left: 5947.969040425145
map_right: 6072.1451308444375
map_top: 9280.677512709983
negate: 0
occupied_thresh: 0.65
origin: [5947.969040425145, 9823.239433981478, 0.0]
resolution: 0.5
