free_thresh: 0.196
image: /images/amsterdam_cropped_1168.png
map_bottom: 5805007.799259238
map_left: 627986.6045077695
map_right: 628203.6958856828
map_top: 5805420.790119679
negate: 0
occupied_thresh: 0.65
origin: [627986.6045077695, 5805007.799259238, 0.0]
resolution: 0.5
