free_thresh: 0.196
image: /images/amsterdam_cropped_1184.png
map_bottom: 5803538.109154733
map_left: 628786.940186777
map_right: 629003.7029865794
map_top: 5803825.470828014
negate: 0
occupied_thresh: 0.65
origin: [628786.940186777, 5803538.109154733, 0.0]
resolution: 0.5
