free_thresh: 0.196
image: /images/amsterdam_cropped_1200.png
map_bottom: 5804120.843710621
map_left: 627464.482909302
map_right: 627716.6468039457
map_top: 5804276.203147465
negate: 0
occupied_thresh: 0.65
origin: [627464.482909302, 5804120.843710621, 0.0]
resolution: 0.5
