free_thresh: 0.196
image: /images/amsterdam_cropped_373.png
map_bottom: 6938.599248128943
map_left: 7752.171235454851
map_right: 8104.727820171742
map_top: 6677.793121482246
negate: 0
occupied_thresh: 0.65
origin: [7752.171235454851, 6938.599248128943, 0.0]
resolution: 0.5
