free_thresh: 0.196
image: /images/amsterdam_cropped_399.png
map_bottom: 7006.988958458416
map_left: 5171.481568995863
map_right: 5389.268502528081
map_top: 6852.183387872763
negate: 0
occupied_thresh: 0.65
origin: [5171.481568995863, 7006.988958458416, 0.0]
resolution: 0.5
