free_thresh: 0.196
image: /images/amsterdam_cropped_1920.png
map_bottom: 6468.016168039292
map_left: 6111.898747428902
map_right: 6336.183306321269
map_top: 6174.460315328091
negate: 0
occupied_thresh: 0.65
origin: [6111.898747428902, 6468.016168039292, 0.0]
resolution: 0.5
