free_thresh: 0.196
image: /images/amsterdam_cropped_1673.png
map_bottom: 7902.25401870627
map_left: 4152.283728976385
map_right: 4499.12935135921
map_top: 7696.741313912906
negate: 0
occupied_thresh: 0.65
origin: [4152.283728976385, 7902.25401870627, 0.0]
resolution: 0.5
