free_thresh: 0.196
image: /images/amsterdam_cropped_1910.png
map_bottom: 5802953.366515268
map_left: 630352.6063262584
map_right: 630779.7573890345
map_top: 5803231.537838228
negate: 0
occupied_thresh: 0.65
origin: [630352.6063262584, 5802953.366515268, 0.0]
resolution: 0.5
