free_thresh: 0.196
image: /images/amsterdam_cropped_399.png
map_bottom: 5803796.011041542
map_left: 627628.4815689959
map_right: 627846.2685025281
map_top: 5803950.816612127
negate: 0
occupied_thresh: 0.65
origin: [627628.4815689959, 5803796.011041542, 0.0]
resolution: 0.5
