free_thresh: 0.196
image: /images/amsterdam_cropped_129.png
map_bottom: 5802900.036259394
map_left: 629053.9529483203
map_right: 629159.2003340479
map_top: 5803091.045783029
negate: 0
occupied_thresh: 0.65
origin: [629053.9529483203, 5802900.036259394, 0.0]
resolution: 0.5
