free_thresh: 0.196
image: /images/amsterdam_cropped_1677.png
map_bottom: 7972.341231731698
map_left: 3971.356300863088
map_right: 4189.066644591512
map_top: 7635.611400865018
negate: 0
occupied_thresh: 0.65
origin: [3971.356300863088, 7972.341231731698, 0.0]
resolution: 0.5
