free_thresh: 0.196
image: /images/amsterdam_cropped_877.png
map_bottom: 6821.944629218429
map_left: 4593.788518616813
map_right: 4719.840899778996
map_top: 6665.303424769081
negate: 0
occupied_thresh: 0.65
origin: [4593.788518616813, 6821.944629218429, 0.0]
resolution: 0.5
