free_thresh: 0.196
image: /images/amsterdam_cropped_1687.png
map_bottom: 5276.979272572324
map_left: 5608.665122535196
map_right: 5742.920012598275
map_top: 5114.321184143424
negate: 0
occupied_thresh: 0.65
origin: [5608.665122535196, 5276.979272572324, 0.0]
resolution: 0.5
