free_thresh: 0.196
image: /images/amsterdam_cropped_1728.png
map_bottom: 5088.09076373186
map_left: 6181.25102042465
map_right: 6285.033800280187
map_top: 4838.5281972605735
negate: 0
occupied_thresh: 0.65
origin: [6181.25102042465, 5088.09076373186, 0.0]
resolution: 0.5
