free_thresh: 0.196
image: /images/amsterdam_cropped_632.png
map_bottom: 6788.829525870271
map_left: 6996.3455464531435
map_right: 7110.378703620285
map_top: 6634.484088143334
negate: 0
occupied_thresh: 0.65
origin: [6996.3455464531435, 6788.829525870271, 0.0]
resolution: 0.5
