free_thresh: 0.196
image: /images/amsterdam_cropped_1445.png
map_bottom: 5804006.35350975
map_left: 629487.6278724966
map_right: 629725.6867263669
map_top: 5804227.365324623
negate: 0
occupied_thresh: 0.65
origin: [629487.6278724966, 5804006.35350975, 0.0]
resolution: 0.5
