free_thresh: 0.196
image: /images/amsterdam_cropped_1674.png
map_bottom: 5851.301314270124
map_left: 5036.289848142769
map_right: 5512.337970718159
map_top: 5569.710095222108
negate: 0
occupied_thresh: 0.65
origin: [5036.289848142769, 5851.301314270124, 0.0]
resolution: 0.5
