free_thresh: 0.196
image: /images/amsterdam_cropped_626.png
map_bottom: 5429.264057723805
map_left: 5837.474382153829
map_right: 6087.0352140141185
map_top: 5213.75231522508
negate: 0
occupied_thresh: 0.65
origin: [5837.474382153829, 5429.264057723805, 0.0]
resolution: 0.5
