free_thresh: 0.196
image: /images/amsterdam_cropped_160.png
map_bottom: 5803489.255520638
map_left: 629725.6218324166
map_right: 629892.9590418272
map_top: 5803657.916877583
negate: 0
occupied_thresh: 0.65
origin: [629725.6218324166, 5803489.255520638, 0.0]
resolution: 0.5
