free_thresh: 0.196
image: /images/amsterdam_cropped_118.png
map_bottom: 7149.778711655177
map_left: 6034.210068837041
map_right: 6135.293161977548
map_top: 6862.171497424133
negate: 0
occupied_thresh: 0.65
origin: [6034.210068837041, 7149.778711655177, 0.0]
resolution: 0.5
