free_thresh: 0.196
image: /images/amsterdam_cropped_1934.png
map_bottom: 7348.215306560509
map_left: 7181.034268567571
map_right: 7368.621832416626
map_top: 7213.744479361922
negate: 0
occupied_thresh: 0.65
origin: [7181.034268567571, 7348.215306560509, 0.0]
resolution: 0.5
