free_thresh: 0.196
image: /images/amsterdam_cropped_113.png
map_bottom: 6364.656165995635
map_left: 7136.410826644744
map_right: 7368.399819566752
map_top: 6174.649218504317
negate: 0
occupied_thresh: 0.65
origin: [7136.410826644744, 6364.656165995635, 0.0]
resolution: 0.5
