free_thresh: 0.196
image: /images/amsterdam_cropped_1917.png
map_bottom: 6338.878572683781
map_left: 7633.552846203325
map_right: 7919.041988435667
map_top: 6146.940671921708
negate: 0
occupied_thresh: 0.65
origin: [7633.552846203325, 6338.878572683781, 0.0]
resolution: 0.5
