free_thresh: 0.196
image: /images/amsterdam_cropped_1173.png
map_bottom: 7245.083122417331
map_left: 7335.959041827242
map_right: 7617.315487750224
map_top: 6936.411063152365
negate: 0
occupied_thresh: 0.65
origin: [7335.959041827242, 7245.083122417331, 0.0]
resolution: 0.5
