free_thresh: 0.196
image: /images/amsterdam_cropped_1171.png
map_bottom: 9262.533203938045
map_left: 5473.917731540278
map_right: 5967.927714929916
map_top: 8990.936337903142
negate: 0
occupied_thresh: 0.65
origin: [5473.917731540278, 9262.533203938045, 0.0]
resolution: 0.5
