free_thresh: 0.196
image: /images/amsterdam_cropped_662.png
map_bottom: 5801422.32248729
map_left: 628324.9277149299
map_right: 628529.1451308444
map_top: 5801640.466796062
negate: 0
occupied_thresh: 0.65
origin: [628324.9277149299, 5801422.32248729, 0.0]
resolution: 0.5
