free_thresh: 0.196
image: /images/amsterdam_cropped_1699.png
map_bottom: 6458.514888527803
map_left: 5873.885435784236
map_right: 6106.960955869057
map_top: 6288.646916500293
negate: 0
occupied_thresh: 0.65
origin: [5873.885435784236, 6458.514888527803, 0.0]
resolution: 0.5
