free_thresh: 0.196
image: /images/amsterdam_cropped_907.png
map_bottom: 7042.475490865298
map_left: 7046.822468368569
map_right: 7210.037026006146
map_top: 6903.740505259484
negate: 0
occupied_thresh: 0.65
origin: [7046.822468368569, 7042.475490865298, 0.0]
resolution: 0.5
