free_thresh: 0.196
image: /images/amsterdam_cropped_1200.png
map_bottom: 6682.156289379112
map_left: 5007.482909301994
map_right: 5259.646803945652
map_top: 6526.796852534637
negate: 0
occupied_thresh: 0.65
origin: [5007.482909301994, 6682.156289379112, 0.0]
resolution: 0.5
