free_thresh: 0.196
image: /images/amsterdam_cropped_394.png
map_bottom: 5803259.497231741
map_left: 630038.3462901248
map_right: 630270.4975823197
map_top: 5803423.224611732
negate: 0
occupied_thresh: 0.65
origin: [630038.3462901248, 5803259.497231741, 0.0]
resolution: 0.5
