free_thresh: 0.196
image: /images/amsterdam_cropped_1182.png
map_bottom: 7419.048912397586
map_left: 5659.42145457631
map_right: 5782.958126237616
map_top: 7171.200824198313
negate: 0
occupied_thresh: 0.65
origin: [5659.42145457631, 7419.048912397586, 0.0]
resolution: 0.5
