free_thresh: 0.196
image: /images/amsterdam_cropped_523.png
map_bottom: 9415.483162871562
map_left: 6314.246782796457
map_right: 6686.369995922665
map_top: 9300.458276216872
negate: 0
occupied_thresh: 0.65
origin: [6314.246782796457, 9415.483162871562, 0.0]
resolution: 0.5
