free_thresh: 0.196
image: /images/amsterdam_cropped_1415.png
map_bottom: 7254.090736192651
map_left: 6654.94880135695
map_right: 6791.708299610065
map_top: 7064.7613631319255
negate: 0
occupied_thresh: 0.65
origin: [6654.94880135695, 7254.090736192651, 0.0]
resolution: 0.5
