free_thresh: 0.196
image: /images/amsterdam_cropped_1144.png
map_bottom: 5800611.005630313
map_left: 626107.6897696416
map_right: 626280.3917188772
map_top: 5800899.0006623
negate: 0
occupied_thresh: 0.65
origin: [626107.6897696416, 5800611.005630313, 0.0]
resolution: 0.5
