free_thresh: 0.196
image: /images/amsterdam_cropped_1193.png
map_bottom: 5803248.977710154
map_left: 627779.7717454748
map_right: 628001.1420176806
map_top: 5803541.917893227
negate: 0
occupied_thresh: 0.65
origin: [627779.7717454748, 5803248.977710154, 0.0]
resolution: 0.5
