free_thresh: 0.196
image: /images/amsterdam_cropped_650.png
map_bottom: 5801150.178237257
map_left: 628107.0438423419
map_right: 628529.1451308444
map_top: 5801522.32248729
negate: 0
occupied_thresh: 0.65
origin: [628107.0438423419, 5801150.178237257, 0.0]
resolution: 0.5
