free_thresh: 0.196
image: /images/amsterdam_cropped_1167.png
map_bottom: 5804988.19698655
map_left: 628485.5658844874
map_right: 628616.9916659247
map_top: 5805152.230872769
negate: 0
occupied_thresh: 0.65
origin: [628485.5658844874, 5804988.19698655, 0.0]
resolution: 0.5
