free_thresh: 0.196
image: /images/amsterdam_cropped_1697.png
map_bottom: 6414.166077377275
map_left: 5710.332825642894
map_right: 5857.15659872361
map_top: 6226.473767427728
negate: 0
occupied_thresh: 0.65
origin: [5710.332825642894, 6414.166077377275, 0.0]
resolution: 0.5
