free_thresh: 0.196
image: /images/amsterdam_cropped_1193.png
map_bottom: 7554.0222898460925
map_left: 5322.771745474776
map_right: 5544.14201768057
map_top: 7261.08210677281
negate: 0
occupied_thresh: 0.65
origin: [5322.771745474776, 7554.0222898460925, 0.0]
resolution: 0.5
