free_thresh: 0.196
image: /images/amsterdam_cropped_1724.png
map_bottom: 5276.979272572324
map_left: 5523.2889456828125
map_right: 5708.665122535196
map_top: 5148.819125005044
negate: 0
occupied_thresh: 0.65
origin: [5523.2889456828125, 5276.979272572324, 0.0]
resolution: 0.5
