free_thresh: 0.196
image: /images/amsterdam_cropped_1909.png
map_bottom: 5803601.115332566
map_left: 628401.8916255682
map_right: 628508.6771334665
map_top: 5803947.5776657965
negate: 0
occupied_thresh: 0.65
origin: [628401.8916255682, 5803601.115332566, 0.0]
resolution: 0.5
