free_thresh: 0.196
image: /images/amsterdam_cropped_524.png
map_bottom: 7171.29897826165
map_left: 4684.301195935812
map_right: 4878.524561130558
map_top: 6865.178138280287
negate: 0
occupied_thresh: 0.65
origin: [4684.301195935812, 7171.29897826165, 0.0]
resolution: 0.5
