free_thresh: 0.196
image: /images/amsterdam_cropped_1911.png
map_bottom: 6388.646916500293
map_left: 5873.885435784236
map_right: 6100.238915182301
map_top: 6048.857785820961
negate: 0
occupied_thresh: 0.65
origin: [5873.885435784236, 6388.646916500293, 0.0]
resolution: 0.5
