free_thresh: 0.196
image: /images/amsterdam_cropped_2043.png
map_bottom: 5804581.451971501
map_left: 631271.2973519773
map_right: 631565.0796421096
map_top: 5804740.271856482
negate: 0
occupied_thresh: 0.65
origin: [631271.2973519773, 5804581.451971501, 0.0]
resolution: 0.5
