free_thresh: 0.196
image: /images/amsterdam_cropped_2035.png
map_bottom: 5805289.152619657
map_left: 628818.4782347565
map_right: 629127.8189894077
map_top: 5805487.789663204
negate: 0
occupied_thresh: 0.65
origin: [628818.4782347565, 5805289.152619657, 0.0]
resolution: 0.5
