free_thresh: 0.196
image: /images/amsterdam_cropped_1164.png
map_bottom: 5800611.005630313
map_left: 626180.3917188772
map_right: 626587.5325830544
map_top: 5800782.649561997
negate: 0
occupied_thresh: 0.65
origin: [626180.3917188772, 5800611.005630313, 0.0]
resolution: 0.5
