free_thresh: 0.196
image: /images/amsterdam_cropped_907.png
map_bottom: 5803760.524509135
map_left: 629503.8224683686
map_right: 629667.0370260061
map_top: 5803899.2594947405
negate: 0
occupied_thresh: 0.65
origin: [629503.8224683686, 5803760.524509135, 0.0]
resolution: 0.5
