free_thresh: 0.196
image: /images/amsterdam_cropped_1187.png
map_bottom: 5802728.800174657
map_left: 628113.9505342752
map_right: 628577.792458866
map_top: 5803025.205055889
negate: 0
occupied_thresh: 0.65
origin: [628113.9505342752, 5802728.800174657, 0.0]
resolution: 0.5
