free_thresh: 0.196
image: /images/amsterdam_cropped_1241.png
map_bottom: 5805277.424202195
map_left: 628633.961349424
map_right: 628918.4782347565
map_top: 5805389.152619657
negate: 0
occupied_thresh: 0.65
origin: [628633.961349424, 5805277.424202195, 0.0]
resolution: 0.5
