free_thresh: 0.196
image: /images/amsterdam_cropped_1705.png
map_bottom: 5804021.474246969
map_left: 629729.0816820665
map_right: 629898.2413161261
map_top: 5804181.640061555
negate: 0
occupied_thresh: 0.65
origin: [629729.0816820665, 5804021.474246969, 0.0]
resolution: 0.5
