free_thresh: 0.196
image: /images/amsterdam_cropped_1907.png
map_bottom: 5801422.32248729
map_left: 628429.1451308444
map_right: 628538.1108643699
map_top: 5801667.233063719
negate: 0
occupied_thresh: 0.65
origin: [628429.1451308444, 5801422.32248729, 0.0]
resolution: 0.5
