free_thresh: 0.196
image: /images/amsterdam_cropped_649.png
map_bottom: 6795.147142912261
map_left: 8453.034983388148
map_right: 8730.191138498252
map_top: 6505.01764604263
negate: 0
occupied_thresh: 0.65
origin: [8453.034983388148, 6795.147142912261, 0.0]
resolution: 0.5
