free_thresh: 0.196
image: /images/amsterdam_cropped_117.png
map_bottom: 5804805.926516433
map_left: 628865.185293461
map_right: 629063.8791724225
map_top: 5805030.376118323
negate: 0
occupied_thresh: 0.65
origin: [628865.185293461, 5804805.926516433, 0.0]
resolution: 0.5
