free_thresh: 0.196
image: /images/amsterdam_cropped_121.png
map_bottom: 7176.105621011928
map_left: 6785.266981238034
map_right: 6981.7509217438055
map_top: 6944.696048612706
negate: 0
occupied_thresh: 0.65
origin: [6785.266981238034, 7176.105621011928, 0.0]
resolution: 0.5
