free_thresh: 0.196
image: /images/amsterdam_cropped_162.png
map_bottom: 9371.51481010858
map_left: 7660.083385820733
map_right: 7845.406470899936
map_top: 9057.641600728966
negate: 0
occupied_thresh: 0.65
origin: [7660.083385820733, 9371.51481010858, 0.0]
resolution: 0.5
