free_thresh: 0.196
image: /images/amsterdam_cropped_1707.png
map_bottom: 6621.946406994015
map_left: 8307.629150835099
map_right: 8591.309515114408
map_top: 6323.6353587228805
negate: 0
occupied_thresh: 0.65
origin: [8307.629150835099, 6621.946406994015, 0.0]
resolution: 0.5
