free_thresh: 0.196
image: /images/amsterdam_cropped_1908.png
map_bottom: 6458.514888527803
map_left: 6006.960955869057
map_right: 6236.760519906646
map_top: 6112.622428193688
negate: 0
occupied_thresh: 0.65
origin: [6006.960955869057, 6458.514888527803, 0.0]
resolution: 0.5
