free_thresh: 0.196
image: /images/amsterdam_cropped_1421.png
map_bottom: 6964.897569919936
map_left: 6695.387685323949
map_right: 6857.051148976432
map_top: 6753.879925060086
negate: 0
occupied_thresh: 0.65
origin: [6695.387685323949, 6964.897569919936, 0.0]
resolution: 0.5
