free_thresh: 0.196
image: /images/amsterdam_cropped_1421.png
map_bottom: 5803838.10243008
map_left: 629152.387685324
map_right: 629314.0511489764
map_top: 5804049.12007494
negate: 0
occupied_thresh: 0.65
origin: [629152.387685324, 5803838.10243008, 0.0]
resolution: 0.5
