free_thresh: 0.196
image: /images/amsterdam_cropped_965.png
map_bottom: 4946.04039631132
map_left: 5735.346892017871
map_right: 5862.344558820012
map_top: 4748.068762165494
negate: 0
occupied_thresh: 0.65
origin: [5735.346892017871, 4946.04039631132, 0.0]
resolution: 0.5
