free_thresh: 0.196
image: /images/amsterdam_cropped_111.png
map_bottom: 7844.210899818689
map_left: 7168.873591769603
map_right: 7311.743557321373
map_top: 7619.469474146143
negate: 0
occupied_thresh: 0.65
origin: [7168.873591769603, 7844.210899818689, 0.0]
resolution: 0.5
