free_thresh: 0.196
image: /images/amsterdam_cropped_132.png
map_bottom: 5803129.770889413
map_left: 630307.0501486314
map_right: 630520.0866226329
map_top: 5803289.212244927
negate: 0
occupied_thresh: 0.65
origin: [630307.0501486314, 5803129.770889413, 0.0]
resolution: 0.5
