free_thresh: 0.196
image: /images/amsterdam_cropped_1434.png
map_bottom: 5872.623881677166
map_left: 6506.8791724224575
map_right: 6704.863576103002
map_top: 5592.767702400684
negate: 0
occupied_thresh: 0.65
origin: [6506.8791724224575, 5872.623881677166, 0.0]
resolution: 0.5
