free_thresh: 0.196
image: /images/amsterdam_cropped_411.png
map_bottom: 6796.646490249783
map_left: 7168.686726366868
map_right: 7372.08168206655
map_top: 6621.35993844457
negate: 0
occupied_thresh: 0.65
origin: [7168.686726366868, 6796.646490249783, 0.0]
resolution: 0.5
