free_thresh: 0.196
image: /images/amsterdam_cropped_1443.png
map_bottom: 7334.3963335398585
map_left: 5822.453800965217
map_right: 6053.895768213086
map_top: 7151.952941075899
negate: 0
occupied_thresh: 0.65
origin: [5822.453800965217, 7334.3963335398585, 0.0]
resolution: 0.5
