free_thresh: 0.196
image: /images/amsterdam_cropped_1952.png
map_bottom: 5803572.562576236
map_left: 630680.999922083
map_right: 631230.6920756699
map_top: 5803846.79484412
negate: 0
occupied_thresh: 0.65
origin: [630680.999922083, 5803572.562576236, 0.0]
resolution: 0.5
