free_thresh: 0.196
image: /images/amsterdam_cropped_1168.png
map_bottom: 5795.200740762055
map_left: 5529.604507769458
map_right: 5746.695885682828
map_top: 5382.209880321287
negate: 0
occupied_thresh: 0.65
origin: [5529.604507769458, 5795.200740762055, 0.0]
resolution: 0.5
