free_thresh: 0.196
image: /images/amsterdam_cropped_1186.png
map_bottom: 5804182.691771665
map_left: 628533.0303755287
map_right: 628668.8987474289
map_top: 5804434.983831961
negate: 0
occupied_thresh: 0.65
origin: [628533.0303755287, 5804182.691771665, 0.0]
resolution: 0.5
