free_thresh: 0.196
image: /images/amsterdam_cropped_931.png
map_bottom: 5803799.2594947405
map_left: 629417.706420183
map_right: 629603.8224683686
map_top: 5803946.296281395
negate: 0
occupied_thresh: 0.65
origin: [629417.706420183, 5803799.2594947405, 0.0]
resolution: 0.5
