free_thresh: 0.196
image: /images/amsterdam_cropped_1212.png
map_bottom: 5803864.400751871
map_left: 630461.7278201717
map_right: 630723.1529104016
map_top: 5804165.447401884
negate: 0
occupied_thresh: 0.65
origin: [630461.7278201717, 5803864.400751871, 0.0]
resolution: 0.5
