free_thresh: 0.196
image: /images/amsterdam_cropped_401.png
map_bottom: 5803248.977710154
map_left: 627901.1420176806
map_right: 628100.5213520551
map_top: 5803396.85582227
negate: 0
occupied_thresh: 0.65
origin: [627901.1420176806, 5803248.977710154, 0.0]
resolution: 0.5
