free_thresh: 0.196
image: /images/amsterdam_cropped_1426.png
map_bottom: 6668.745938943699
map_left: 6623.518428020179
map_right: 6828.761659878655
map_top: 6428.762405139394
negate: 0
occupied_thresh: 0.65
origin: [6623.518428020179, 6668.745938943699, 0.0]
resolution: 0.5
