free_thresh: 0.196
image: /images/amsterdam_cropped_1949.png
map_bottom: 7886.8915298637
map_left: 7055.917554009706
map_right: 7191.249149038224
map_top: 7655.9411392482
negate: 0
occupied_thresh: 0.65
origin: [7055.917554009706, 7886.8915298637, 0.0]
resolution: 0.5
