free_thresh: 0.196
image: /images/amsterdam_cropped_644.png
map_bottom: 7902.963740605861
map_left: 6306.624087203643
map_right: 6702.200334047899
map_top: 7747.713047686964
negate: 0
occupied_thresh: 0.65
origin: [6306.624087203643, 7902.963740605861, 0.0]
resolution: 0.5
