free_thresh: 0.196
image: /images/amsterdam_cropped_1418.png
map_bottom: 5804196.549376008
map_left: 628420.1425841346
map_right: 628563.960955869
map_top: 5804444.485111472
negate: 0
occupied_thresh: 0.65
origin: [628420.1425841346, 5804196.549376008, 0.0]
resolution: 0.5
