free_thresh: 0.196
image: /images/amsterdam_cropped_1952.png
map_bottom: 7230.437423763797
map_left: 8223.999922082992
map_right: 8773.692075669882
map_top: 6956.20515588019
negate: 0
occupied_thresh: 0.65
origin: [8223.999922082992, 7230.437423763797, 0.0]
resolution: 0.5
