free_thresh: 0.196
image: /images/amsterdam_cropped_1396.png
map_bottom: 7271.200824198313
map_left: 5659.42145457631
map_right: 5763.614247019053
map_top: 7031.311509139836
negate: 0
occupied_thresh: 0.65
origin: [5659.42145457631, 7271.200824198313, 0.0]
resolution: 0.5
