free_thresh: 0.196
image: /images/amsterdam_cropped_397.png
map_bottom: 4864.497468076646
map_left: 5511.859356415574
map_right: 5862.344558820012
map_top: 4748.068762165494
negate: 0
occupied_thresh: 0.65
origin: [5511.859356415574, 4864.497468076646, 0.0]
resolution: 0.5
