free_thresh: 0.196
image: /images/amsterdam_cropped_132.png
map_bottom: 7673.229110587388
map_left: 7850.050148631446
map_right: 8063.0866226329235
map_top: 7513.787755073048
negate: 0
occupied_thresh: 0.65
origin: [7850.050148631446, 7673.229110587388, 0.0]
resolution: 0.5
