free_thresh: 0.196
image: /images/amsterdam_cropped_1914.png
map_bottom: 6373.344092899002
map_left: 4796.173724104883
map_right: 5076.846682142466
map_top: 5906.866142082959
negate: 0
occupied_thresh: 0.65
origin: [4796.173724104883, 6373.344092899002, 0.0]
resolution: 0.5
