free_thresh: 0.196
image: /images/amsterdam_cropped_1418.png
map_bottom: 6606.450623991899
map_left: 5963.142584134592
map_right: 6106.960955869057
map_top: 6358.514888527803
negate: 0
occupied_thresh: 0.65
origin: [5963.142584134592, 6606.450623991899, 0.0]
resolution: 0.5
