free_thresh: 0.196
image: /images/amsterdam_cropped_645.png
map_bottom: 5804063.691040513
map_left: 628510.526636186
map_right: 628633.0303755287
map_top: 5804282.691771665
negate: 0
occupied_thresh: 0.65
origin: [628510.526636186, 5804063.691040513, 0.0]
resolution: 0.5
