free_thresh: 0.196
image: /images/amsterdam_cropped_114.png
map_bottom: 6800.372042665258
map_left: 6628.9463695080485
map_right: 6789.586146024521
map_top: 6602.291795651428
negate: 0
occupied_thresh: 0.65
origin: [6628.9463695080485, 6800.372042665258, 0.0]
resolution: 0.5
