free_thresh: 0.196
image: /images/amsterdam_cropped_1175.png
map_bottom: 5804652.5903086215
map_left: 629121.143092948
map_right: 629360.6248333725
map_top: 5804908.0742602125
negate: 0
occupied_thresh: 0.65
origin: [629121.143092948, 5804652.5903086215, 0.0]
resolution: 0.5
