free_thresh: 0.196
image: /images/amsterdam_cropped_2039.png
map_bottom: 5912.16910703294
map_left: 7524.674235742656
map_right: 7787.432554757688
map_top: 5698.243699957617
negate: 0
occupied_thresh: 0.65
origin: [7524.674235742656, 5912.16910703294, 0.0]
resolution: 0.5
