free_thresh: 0.196
image: /images/amsterdam_cropped_1951.png
map_bottom: 5803323.224611732
map_left: 629875.6135440783
map_right: 630138.3462901248
map_top: 5803476.466045245
negate: 0
occupied_thresh: 0.65
origin: [629875.6135440783, 5803323.224611732, 0.0]
resolution: 0.5
