free_thresh: 0.196
image: /images/amsterdam_cropped_1435.png
map_bottom: 7390.681841262616
map_left: 8114.353567014099
map_right: 8422.94568826072
map_top: 7142.302298149094
negate: 0
occupied_thresh: 0.65
origin: [8114.353567014099, 7390.681841262616, 0.0]
resolution: 0.5
