free_thresh: 0.196
image: /images/amsterdam_cropped_392.png
map_bottom: 5804528.350781496
map_left: 629495.9996266357
map_right: 629693.4108266447
map_top: 5804698.68207123
negate: 0
occupied_thresh: 0.65
origin: [629495.9996266357, 5804528.350781496, 0.0]
resolution: 0.5
