free_thresh: 0.196
image: /images/amsterdam_cropped_375.png
map_bottom: 6938.404304323718
map_left: 6555.591267371434
map_right: 6728.9463695080485
map_top: 6700.372042665258
negate: 0
occupied_thresh: 0.65
origin: [6555.591267371434, 6938.404304323718, 0.0]
resolution: 0.5
