free_thresh: 0.196
image: /images/amsterdam_cropped_1423.png
map_bottom: 9396.062395812944
map_left: 4191.788143190672
map_right: 4637.407967072213
map_top: 9069.59419539012
negate: 0
occupied_thresh: 0.65
origin: [4191.788143190672, 9396.062395812944, 0.0]
resolution: 0.5
