free_thresh: 0.196
image: /images/amsterdam_cropped_1180.png
map_bottom: 5244.33768212609
map_left: 5840.566827186616
map_right: 5945.588897607988
map_top: 5010.5467802565545
negate: 0
occupied_thresh: 0.65
origin: [5840.566827186616, 5244.33768212609, 0.0]
resolution: 0.5
