free_thresh: 0.196
image: /images/amsterdam_cropped_374.png
map_bottom: 5994.925739787519
map_left: 6506.8791724224575
map_right: 6764.143092948012
map_top: 5772.623881677166
negate: 0
occupied_thresh: 0.65
origin: [6506.8791724224575, 5994.925739787519, 0.0]
resolution: 0.5
