free_thresh: 0.196
image: /images/amsterdam_cropped_1481.png
map_bottom: 5803758.303951387
map_left: 629338.7509217438
map_right: 629517.706420183
map_top: 5803946.296281395
negate: 0
occupied_thresh: 0.65
origin: [629338.7509217438, 5803758.303951387, 0.0]
resolution: 0.5
