free_thresh: 0.196
image: /images/amsterdam_cropped_1906.png
map_bottom: 5803439.012761853
map_left: 627235.5245611306
map_right: 627424.0941660538
map_top: 5803731.701021738
negate: 0
occupied_thresh: 0.65
origin: [627235.5245611306, 5803439.012761853, 0.0]
resolution: 0.5
