free_thresh: 0.196
image: /images/amsterdam_cropped_661.png
map_bottom: 6961.850553780794
map_left: 8554.2849053971
map_right: 8741.67178323667
map_top: 6783.045117190108
negate: 0
occupied_thresh: 0.65
origin: [8554.2849053971, 6961.850553780794, 0.0]
resolution: 0.5
