free_thresh: 0.196
image: /images/amsterdam_cropped_1430.png
map_bottom: 7006.988958458416
map_left: 5104.598927578656
map_right: 5271.481568995863
map_top: 6697.161600761116
negate: 0
occupied_thresh: 0.65
origin: [5104.598927578656, 7006.988958458416, 0.0]
resolution: 0.5
