free_thresh: 0.196
image: /images/amsterdam_cropped_159.png
map_bottom: 7036.411063152365
map_left: 7517.315487750224
map_right: 7677.1968666196335
map_top: 6877.180187710561
negate: 0
occupied_thresh: 0.65
origin: [7517.315487750224, 7036.411063152365, 0.0]
resolution: 0.5
