free_thresh: 0.196
image: /images/amsterdam_cropped_638.png
map_bottom: 5803200.042418326
map_left: 630585.5536111633
map_right: 630879.9456882607
map_top: 5803512.318158737
negate: 0
occupied_thresh: 0.65
origin: [630585.5536111633, 5803200.042418326, 0.0]
resolution: 0.5
