free_thresh: 0.196
image: /images/amsterdam_cropped_1671.png
map_bottom: 7671.462161771953
map_left: 8222.757389034494
map_right: 8799.057851347607
map_top: 7205.4406865416095
negate: 0
occupied_thresh: 0.65
origin: [8222.757389034494, 7671.462161771953, 0.0]
resolution: 0.5
