free_thresh: 0.196
image: /images/amsterdam_cropped_1189.png
map_bottom: 5803850.816612127
map_left: 627682.6758917072
map_right: 627846.2685025281
map_top: 5804157.055370231
negate: 0
occupied_thresh: 0.65
origin: [627682.6758917072, 5803850.816612127, 0.0]
resolution: 0.5
