free_thresh: 0.196
image: /images/amsterdam_cropped_1667.png
map_bottom: 8962.017183944583
map_left: 5975.948238668032
map_right: 6091.134149769205
map_top: 8725.736124647781
negate: 0
occupied_thresh: 0.65
origin: [5975.948238668032, 8962.017183944583, 0.0]
resolution: 0.5
