free_thresh: 0.196
image: /images/amsterdam_cropped_632.png
map_bottom: 5804014.17047413
map_left: 629453.3455464531
map_right: 629567.3787036203
map_top: 5804168.515911857
negate: 0
occupied_thresh: 0.65
origin: [629453.3455464531, 5804014.17047413, 0.0]
resolution: 0.5
