free_thresh: 0.196
image: /images/amsterdam_cropped_1197.png
map_bottom: 4946.04039631132
map_left: 5511.859356415574
map_right: 5835.346892017871
map_top: 4764.497468076646
negate: 0
occupied_thresh: 0.65
origin: [5511.859356415574, 4946.04039631132, 0.0]
resolution: 0.5
