free_thresh: 0.196
image: /images/amsterdam_cropped_367.png
map_bottom: 5803560.697701851
map_left: 630245.4627814604
map_right: 630671.3535670141
map_top: 5803811.767310068
negate: 0
occupied_thresh: 0.65
origin: [630245.4627814604, 5803560.697701851, 0.0]
resolution: 0.5
