free_thresh: 0.196
image: /images/amsterdam_cropped_1441.png
map_bottom: 6797.161600761116
map_left: 5104.598927578656
map_right: 5259.646803945652
map_top: 6526.796852534637
negate: 0
occupied_thresh: 0.65
origin: [5104.598927578656, 6797.161600761116, 0.0]
resolution: 0.5
