free_thresh: 0.196
image: /images/amsterdam_cropped_520.png
map_bottom: 8153.915015798062
map_left: 7141.951932016178
map_right: 7291.351235973067
map_top: 7929.679143029265
negate: 0
occupied_thresh: 0.65
origin: [7141.951932016178, 8153.915015798062, 0.0]
resolution: 0.5
