free_thresh: 0.196
image: /images/amsterdam_cropped_392.png
map_bottom: 6274.649218504317
map_left: 7038.99962663569
map_right: 7236.410826644744
map_top: 6104.317928769626
negate: 0
occupied_thresh: 0.65
origin: [7038.99962663569, 6274.649218504317, 0.0]
resolution: 0.5
