free_thresh: 0.196
image: /images/amsterdam_cropped_1678.png
map_bottom: 5804057.055370231
map_left: 627682.6758917072
map_right: 627813.4759465856
map_top: 5804319.335906722
negate: 0
occupied_thresh: 0.65
origin: [627682.6758917072, 5804057.055370231, 0.0]
resolution: 0.5
