free_thresh: 0.196
image: /images/amsterdam_cropped_1188.png
map_bottom: 5803541.609438058
map_left: 629185.7829685652
map_right: 629342.266981238
map_top: 5803726.894378988
negate: 0
occupied_thresh: 0.65
origin: [629185.7829685652, 5803541.609438058, 0.0]
resolution: 0.5
