free_thresh: 0.196
image: /images/amsterdam_cropped_1688.png
map_bottom: 6587.063162541948
map_left: 5164.0654955175705
map_right: 5429.903242609929
map_top: 5953.910306740552
negate: 0
occupied_thresh: 0.65
origin: [5164.0654955175705, 6587.063162541948, 0.0]
resolution: 0.5
