free_thresh: 0.196
image: /images/amsterdam_cropped_1203.png
map_bottom: 7811.954216971062
map_left: 6589.412571337889
map_right: 6696.952948320308
map_top: 7603.643438258208
negate: 0
occupied_thresh: 0.65
origin: [6589.412571337889, 7811.954216971062, 0.0]
resolution: 0.5
