free_thresh: 0.196
image: /images/amsterdam_cropped_383.png
map_bottom: 5802574.077460598
map_left: 629449.6589934577
map_right: 629748.3512359731
map_top: 5802749.084984202
negate: 0
occupied_thresh: 0.65
origin: [629449.6589934577, 5802574.077460598, 0.0]
resolution: 0.5
