free_thresh: 0.196
image: /images/amsterdam_cropped_376.png
map_bottom: 5804274.237594861
map_left: 629185.7616598787
map_right: 629346.9949443901
map_top: 5804467.660698813
negate: 0
occupied_thresh: 0.65
origin: [629185.7616598787, 5804274.237594861, 0.0]
resolution: 0.5
