free_thresh: 0.196
image: /images/amsterdam_cropped_1432.png
map_bottom: 6765.303424769081
map_left: 4346.150636347709
map_right: 4693.788518616813
map_top: 6066.50156770926
negate: 0
occupied_thresh: 0.65
origin: [4346.150636347709, 6765.303424769081, 0.0]
resolution: 0.5
