free_thresh: 0.196
image: /images/amsterdam_cropped_385.png
map_bottom: 5803905.494956573
map_left: 630831.6934941349
map_right: 631010.0349833881
map_top: 5804107.852857088
negate: 0
occupied_thresh: 0.65
origin: [630831.6934941349, 5803905.494956573, 0.0]
resolution: 0.5
