free_thresh: 0.196
image: /images/amsterdam_cropped_877.png
map_bottom: 5803981.055370782
map_left: 627050.7885186168
map_right: 627176.840899779
map_top: 5804137.696575231
negate: 0
occupied_thresh: 0.65
origin: [627050.7885186168, 5803981.055370782, 0.0]
resolution: 0.5
