free_thresh: 0.196
image: /images/amsterdam_cropped_1447.png
map_bottom: 5802687.890692416
map_left: 629059.2003340479
map_right: 629170.9620843614
map_top: 5803000.036259394
negate: 0
occupied_thresh: 0.65
origin: [629059.2003340479, 5802687.890692416, 0.0]
resolution: 0.5
