free_thresh: 0.196
image: /images/amsterdam_cropped_400.png
map_bottom: 6876.46940664947
map_left: 5453.511231323704
map_right: 5773.12430747191
map_top: 6687.511690330692
negate: 0
occupied_thresh: 0.65
origin: [5453.511231323704, 6876.46940664947, 0.0]
resolution: 0.5
