free_thresh: 0.196
image: /images/amsterdam_cropped_398.png
map_bottom: 5268.393014669418
map_left: 5086.759564463282
map_right: 5623.2889456828125
map_top: 5148.819125005044
negate: 0
occupied_thresh: 0.65
origin: [5086.759564463282, 5268.393014669418, 0.0]
resolution: 0.5
