free_thresh: 0.196
image: /images/amsterdam_cropped_1425.png
map_bottom: 5804342.1058178
map_left: 629299.4325389465
map_right: 629409.4280642904
map_top: 5804572.356620856
negate: 0
occupied_thresh: 0.65
origin: [629299.4325389465, 5804342.1058178, 0.0]
resolution: 0.5
