free_thresh: 0.196
image: /images/amsterdam_cropped_645.png
map_bottom: 6739.308959486894
map_left: 6053.526636186056
map_right: 6176.030375528731
map_top: 6520.308228335343
negate: 0
occupied_thresh: 0.65
origin: [6053.526636186056, 6739.308959486894, 0.0]
resolution: 0.5
