free_thresh: 0.196
image: /images/amsterdam_cropped_519.png
map_bottom: 7264.890845267102
map_left: 6446.702986579388
map_right: 6647.908688615658
map_top: 7145.65700818412
negate: 0
occupied_thresh: 0.65
origin: [6446.702986579388, 7264.890845267102, 0.0]
resolution: 0.5
