free_thresh: 0.196
image: /images/amsterdam_cropped_1439.png
map_bottom: 6274.460315328091
map_left: 6136.760519906646
map_right: 6336.183306321269
map_top: 6112.622428193688
negate: 0
occupied_thresh: 0.65
origin: [6136.760519906646, 6274.460315328091, 0.0]
resolution: 0.5
