free_thresh: 0.196
image: /images/amsterdam_cropped_920.png
map_bottom: 9827.414686065167
map_left: 5325.172535886406
map_right: 5750.043842341867
map_top: 9552.821762743406
negate: 0
occupied_thresh: 0.65
origin: [5325.172535886406, 9827.414686065167, 0.0]
resolution: 0.5
