free_thresh: 0.196
image: /images/amsterdam_cropped_1703.png
map_bottom: 5804127.365324623
map_left: 629357.5330870445
map_right: 629587.6278724966
map_top: 5804328.112506934
negate: 0
occupied_thresh: 0.65
origin: [629357.5330870445, 5804127.365324623, 0.0]
resolution: 0.5
