free_thresh: 0.196
image: /images/amsterdam_cropped_1927.png
map_bottom: 5804379.364641277
map_left: 630733.009605917
map_right: 631048.3095151144
map_top: 5804555.8851494305
negate: 0
occupied_thresh: 0.65
origin: [630733.009605917, 5804379.364641277, 0.0]
resolution: 0.5
