free_thresh: 0.196
image: /images/amsterdam_cropped_968.png
map_bottom: 6338.878572683781
map_left: 7540.887528752559
map_right: 7733.552846203325
map_top: 5985.022303748876
negate: 0
occupied_thresh: 0.65
origin: [7540.887528752559, 6338.878572683781, 0.0]
resolution: 0.5
