free_thresh: 0.196
image: /images/amsterdam_cropped_1172.png
map_bottom: 9169.59419539012
map_left: 4537.407967072213
map_right: 4989.119631593116
map_top: 8908.603311563842
negate: 0
occupied_thresh: 0.65
origin: [4537.407967072213, 9169.59419539012, 0.0]
resolution: 0.5
