free_thresh: 0.196
image: /images/amsterdam_cropped_1183.png
map_bottom: 5103.490637253039
map_left: 5928.343374985037
map_right: 6112.736193036428
map_top: 4991.382221600972
negate: 0
occupied_thresh: 0.65
origin: [5928.343374985037, 5103.490637253039, 0.0]
resolution: 0.5
