free_thresh: 0.196
image: /images/amsterdam_cropped_1198.png
map_bottom: 5805118.144000077
map_left: 628552.181210073
map_right: 628733.961349424
map_top: 5805377.424202195
negate: 0
occupied_thresh: 0.65
origin: [628552.181210073, 5805118.144000077, 0.0]
resolution: 0.5
