free_thresh: 0.196
image: /images/amsterdam_cropped_1930.png
map_bottom: 7365.551007673144
map_left: 6728.78296856524
map_right: 7015.525513151893
map_top: 7161.390561942011
negate: 0
occupied_thresh: 0.65
origin: [6728.78296856524, 7365.551007673144, 0.0]
resolution: 0.5
