free_thresh: 0.196
image: /images/amsterdam_cropped_101.png
map_bottom: 6955.422334203497
map_left: 5951.677133466466
map_right: 6059.229922228726
map_top: 6633.201125351712
negate: 0
occupied_thresh: 0.65
origin: [5951.677133466466, 6955.422334203497, 0.0]
resolution: 0.5
