free_thresh: 0.196
image: /images/amsterdam_cropped_626.png
map_bottom: 5805373.735942276
map_left: 628294.4743821538
map_right: 628544.0352140141
map_top: 5805589.247684775
negate: 0
occupied_thresh: 0.65
origin: [628294.4743821538, 5805373.735942276, 0.0]
resolution: 0.5
