free_thresh: 0.196
image: /images/amsterdam_cropped_919.png
map_bottom: 5805780.363181793
map_left: 628169.8979955758
map_right: 628292.3468920179
map_top: 5805956.959603689
negate: 0
occupied_thresh: 0.65
origin: [628169.8979955758, 5805780.363181793, 0.0]
resolution: 0.5
