free_thresh: 0.196
image: /images/amsterdam_cropped_381.png
map_bottom: 7847.713047686964
map_left: 6040.069360519992
map_right: 6406.624087203643
map_top: 7689.461673202924
negate: 0
occupied_thresh: 0.65
origin: [6040.069360519992, 7847.713047686964, 0.0]
resolution: 0.5
