free_thresh: 0.196
image: /images/amsterdam_cropped_394.png
map_bottom: 7543.502768258564
map_left: 7581.346290124813
map_right: 7813.497582319658
map_top: 7379.775388267823
negate: 0
occupied_thresh: 0.65
origin: [7581.346290124813, 7543.502768258564, 0.0]
resolution: 0.5
