free_thresh: 0.196
image: /images/amsterdam_cropped_1912.png
map_bottom: 5803183.920825104
map_left: 628390.8817344997
map_right: 628699.2438256933
map_top: 5803467.675193995
negate: 0
occupied_thresh: 0.65
origin: [628390.8817344997, 5803183.920825104, 0.0]
resolution: 0.5
