free_thresh: 0.196
image: /images/amsterdam_cropped_1447.png
map_bottom: 8115.109307584353
map_left: 6602.200334047899
map_right: 6713.962084361352
map_top: 7802.963740605861
negate: 0
occupied_thresh: 0.65
origin: [6602.200334047899, 8115.109307584353, 0.0]
resolution: 0.5
