free_thresh: 0.196
image: /images/amsterdam_cropped_1419.png
map_bottom: 6902.259151203558
map_left: 6931.958675828995
map_right: 7052.820619975217
map_top: 6748.513429281302
negate: 0
occupied_thresh: 0.65
origin: [6931.958675828995, 6902.259151203558, 0.0]
resolution: 0.5
