free_thresh: 0.196
image: /images/amsterdam_cropped_1480.png
map_bottom: 5803189.212244927
map_left: 630170.4975823197
map_right: 630407.0501486314
map_top: 5803359.497231741
negate: 0
occupied_thresh: 0.65
origin: [630170.4975823197, 5803189.212244927, 0.0]
resolution: 0.5
