free_thresh: 0.196
image: /images/amsterdam_cropped_1702.png
map_bottom: 6991.994050422683
map_left: 6695.387685323949
map_right: 6882.40795078245
map_top: 6864.897569919936
negate: 0
occupied_thresh: 0.65
origin: [6695.387685323949, 6991.994050422683, 0.0]
resolution: 0.5
