free_thresh: 0.196
image: /images/amsterdam_cropped_928.png
map_bottom: 4969.762349238619
map_left: 5735.346892017871
map_right: 5945.661556898151
map_top: 4846.04039631132
negate: 0
occupied_thresh: 0.65
origin: [5735.346892017871, 4969.762349238619, 0.0]
resolution: 0.5
