free_thresh: 0.196
image: /images/amsterdam_cropped_117.png
map_bottom: 5997.073483566754
map_left: 6408.185293460963
map_right: 6606.8791724224575
map_top: 5772.623881677166
negate: 0
occupied_thresh: 0.65
origin: [6408.185293460963, 5997.073483566754, 0.0]
resolution: 0.5
