free_thresh: 0.196
image: /images/amsterdam_cropped_1196.png
map_bottom: 7457.669587790035
map_left: 5103.624325707904
map_right: 5234.458399732248
map_top: 7290.359633899294
negate: 0
occupied_thresh: 0.65
origin: [5103.624325707904, 7457.669587790035, 0.0]
resolution: 0.5
