free_thresh: 0.196
image: /images/amsterdam_cropped_1729.png
map_bottom: 5110.5467802565545
map_left: 5845.588897607988
map_right: 5945.661556898151
map_top: 4869.762349238619
negate: 0
occupied_thresh: 0.65
origin: [5845.588897607988, 5110.5467802565545, 0.0]
resolution: 0.5
