free_thresh: 0.196
image: /images/amsterdam_cropped_1202.png
map_bottom: 7506.144177730195
map_left: 5543.521352055133
map_right: 5782.958126237616
map_top: 7319.048912397586
negate: 0
occupied_thresh: 0.65
origin: [5543.521352055133, 7506.144177730195, 0.0]
resolution: 0.5
