free_thresh: 0.196
image: /images/amsterdam_cropped_969.png
map_bottom: 6721.35993844457
map_left: 7272.08168206655
map_right: 7482.660047617392
map_top: 6529.299092216417
negate: 0
occupied_thresh: 0.65
origin: [7272.08168206655, 6721.35993844457, 0.0]
resolution: 0.5
