free_thresh: 0.196
image: /images/amsterdam_cropped_435.png
map_bottom: 7305.4406865416095
map_left: 8673.692075669882
map_right: 8799.057851347607
map_top: 7130.437423763797
negate: 0
occupied_thresh: 0.65
origin: [8673.692075669882, 7305.4406865416095, 0.0]
resolution: 0.5
