free_thresh: 0.196
image: /images/amsterdam_cropped_1444.png
map_bottom: 5803846.296281395
map_left: 629388.958675829
map_right: 629517.706420183
map_top: 5804000.740848796
negate: 0
occupied_thresh: 0.65
origin: [629388.958675829, 5803846.296281395, 0.0]
resolution: 0.5
