free_thresh: 0.196
image: /images/amsterdam_cropped_109.png
map_bottom: 7713.661873119883
map_left: 7591.61279616598
map_right: 7903.687644717284
map_top: 7540.8345099771395
negate: 0
occupied_thresh: 0.65
origin: [7591.61279616598, 7713.661873119883, 0.0]
resolution: 0.5
