free_thresh: 0.196
image: /images/amsterdam_cropped_1924.png
map_bottom: 5805588.678815857
map_left: 628099.9200125983
map_right: 628269.8979955758
map_top: 5805880.363181793
negate: 0
occupied_thresh: 0.65
origin: [628099.9200125983, 5805588.678815857, 0.0]
resolution: 0.5
