free_thresh: 0.196
image: /images/amsterdam_cropped_1926.png
map_bottom: 10086.469304770231
map_left: 4231.692506161751
map_right: 4624.162990791141
map_top: 9909.384320514277
negate: 0
occupied_thresh: 0.65
origin: [4231.692506161751, 10086.469304770231, 0.0]
resolution: 0.5
