free_thresh: 0.196
image: /images/amsterdam_cropped_1198.png
map_bottom: 5684.855999923311
map_left: 6095.181210072944
map_right: 6276.961349423975
map_top: 5425.575797804631
negate: 0
occupied_thresh: 0.65
origin: [6095.181210072944, 5684.855999923311, 0.0]
resolution: 0.5
