free_thresh: 0.196
image: /images/amsterdam_cropped_canals.png
map_bottom: 7551.904950000346
map_left: 5944.891626000055
map_right: 7037.0
map_top: 5849.452220000327
negate: 0
occupied_thresh: 0.65
origin: [628401.891626, 5803251.09505, 0.0]
resolution: 0.5
