free_thresh: 0.196
image: /images/amsterdam_cropped_162.png
map_bottom: 5801431.485189891
map_left: 630117.0833858207
map_right: 630302.4064708999
map_top: 5801745.358399271
negate: 0
occupied_thresh: 0.65
origin: [630117.0833858207, 5801431.485189891, 0.0]
resolution: 0.5
