free_thresh: 0.196
image: /images/amsterdam_cropped_1445.png
map_bottom: 6796.646490249783
map_left: 7030.6278724966105
map_right: 7268.686726366868
map_top: 6575.634675377049
negate: 0
occupied_thresh: 0.65
origin: [7030.6278724966105, 6796.646490249783, 0.0]
resolution: 0.5
