free_thresh: 0.196
image: /images/amsterdam_cropped_393.png
map_bottom: 7042.475490865298
map_left: 7110.037026006146
map_right: 7335.858359115198
map_top: 6854.5800528610125
negate: 0
occupied_thresh: 0.65
origin: [7110.037026006146, 7042.475490865298, 0.0]
resolution: 0.5
