free_thresh: 0.196
image: /images/amsterdam_cropped_1196.png
map_bottom: 5803345.33041221
map_left: 627560.6243257079
map_right: 627691.4583997322
map_top: 5803512.640366101
negate: 0
occupied_thresh: 0.65
origin: [627560.6243257079, 5803345.33041221, 0.0]
resolution: 0.5
