free_thresh: 0.196
image: /images/amsterdam_cropped_1928.png
map_bottom: 6193.143816235475
map_left: 6285.819665618124
map_right: 6508.185293460963
map_top: 5897.073483566754
negate: 0
occupied_thresh: 0.65
origin: [6285.819665618124, 6193.143816235475, 0.0]
resolution: 0.5
