free_thresh: 0.196
image: /images/amsterdam_cropped_697.png
map_bottom: 6204.317928769626
map_left: 7038.99962663569
map_right: 7254.0171836310765
map_top: 5901.855037354864
negate: 0
occupied_thresh: 0.65
origin: [7038.99962663569, 6204.317928769626, 0.0]
resolution: 0.5
