free_thresh: 0.196
image: /images/amsterdam_cropped_1412.png
map_bottom: 5685.234955364838
map_left: 5776.800430198084
map_right: 5980.328778750612
map_top: 5495.897513723001
negate: 0
occupied_thresh: 0.65
origin: [5776.800430198084, 5685.234955364838, 0.0]
resolution: 0.5
