free_thresh: 0.196
image: /images/amsterdam_cropped_929.png
map_bottom: 5804255.030597753
map_left: 629530.4506731373
map_right: 629693.4108266447
map_top: 5804628.350781496
negate: 0
occupied_thresh: 0.65
origin: [629530.4506731373, 5804255.030597753, 0.0]
resolution: 0.5
