free_thresh: 0.196
image: /images/amsterdam_cropped_368.png
map_bottom: 7164.7613631319255
map_left: 6691.708299610065
map_right: 6882.40795078245
map_top: 6891.994050422683
negate: 0
occupied_thresh: 0.65
origin: [6691.708299610065, 7164.7613631319255, 0.0]
resolution: 0.5
