free_thresh: 0.196
image: /images/amsterdam_cropped_1206.png
map_bottom: 7571.957817569375
map_left: 6988.9433627782855
map_right: 7339.918033612659
map_top: 7386.112224388868
negate: 0
occupied_thresh: 0.65
origin: [6988.9433627782855, 7571.957817569375, 0.0]
resolution: 0.5
