free_thresh: 0.196
image: /images/amsterdam_cropped_396.png
map_bottom: 5803944.226302101
map_left: 627408.569259718
map_right: 627564.482909302
map_top: 5804220.843710621
negate: 0
occupied_thresh: 0.65
origin: [627408.569259718, 5803944.226302101, 0.0]
resolution: 0.5
