free_thresh: 0.196
image: /images/amsterdam_cropped_628.png
map_bottom: 5803251.095051971
map_left: 628826.350448973
map_right: 629135.5538530145
map_top: 5803392.02374882
negate: 0
occupied_thresh: 0.65
origin: [628826.350448973, 5803251.095051971, 0.0]
resolution: 0.5
