free_thresh: 0.196
image: /images/amsterdam_cropped_1212.png
map_bottom: 6938.599248128943
map_left: 8004.727820171742
map_right: 8266.152910401579
map_top: 6637.552598115988
negate: 0
occupied_thresh: 0.65
origin: [8004.727820171742, 6938.599248128943, 0.0]
resolution: 0.5
