free_thresh: 0.196
image: /images/amsterdam_cropped_1908.png
map_bottom: 5804344.485111472
map_left: 628463.960955869
map_right: 628693.7605199066
map_top: 5804690.377571806
negate: 0
occupied_thresh: 0.65
origin: [628463.960955869, 5804344.485111472, 0.0]
resolution: 0.5
