free_thresh: 0.196
image: /images/amsterdam_cropped_375.png
map_bottom: 5803864.595695676
map_left: 629012.5912673714
map_right: 629185.946369508
map_top: 5804102.627957335
negate: 0
occupied_thresh: 0.65
origin: [629012.5912673714, 5803864.595695676, 0.0]
resolution: 0.5
