free_thresh: 0.196
image: /images/amsterdam_cropped_2044.png
map_bottom: 6221.548028498888
map_left: 9008.079642109573
map_right: 9141.80357318197
map_top: 5991.880468308926
negate: 0
occupied_thresh: 0.65
origin: [9008.079642109573, 6221.548028498888, 0.0]
resolution: 0.5
