free_thresh: 0.196
image: /images/amsterdam_cropped_100.png
map_bottom: 7713.204353477806
map_left: 4596.048989941948
map_right: 5051.402140372433
map_top: 7452.332863247953
negate: 0
occupied_thresh: 0.65
origin: [4596.048989941948, 7713.204353477806, 0.0]
resolution: 0.5
