free_thresh: 0.196
image: /images/amsterdam_cropped_1914.png
map_bottom: 5804429.655907101
map_left: 627253.1737241049
map_right: 627533.8466821425
map_top: 5804896.133857917
negate: 0
occupied_thresh: 0.65
origin: [627253.1737241049, 5804429.655907101, 0.0]
resolution: 0.5
