free_thresh: 0.196
image: /images/amsterdam_cropped_518.png
map_bottom: 9157.641600728966
map_left: 7297.265548635158
map_right: 7760.083385820733
map_top: 8388.560005777515
negate: 0
occupied_thresh: 0.65
origin: [7297.265548635158, 9157.641600728966, 0.0]
resolution: 0.5
