free_thresh: 0.196
image: /images/amsterdam_cropped_361.png
map_bottom: 5804288.81391141
map_left: 627877.5960562385
map_right: 628105.7360354189
map_top: 5804440.445399218
negate: 0
occupied_thresh: 0.65
origin: [627877.5960562385, 5804288.81391141, 0.0]
resolution: 0.5
