free_thresh: 0.196
image: /images/amsterdam_cropped_402.png
map_bottom: 8364.194536033086
map_left: 5970.646048485767
map_right: 6120.792458866024
map_top: 7974.199825342745
negate: 0
occupied_thresh: 0.65
origin: [5970.646048485767, 8364.194536033086, 0.0]
resolution: 0.5
