free_thresh: 0.196
image: /images/amsterdam_cropped_1236.png
map_bottom: 7755.9411392482
map_left: 7055.917554009706
map_right: 7268.873591769603
map_top: 7619.469474146143
negate: 0
occupied_thresh: 0.65
origin: [7055.917554009706, 7755.9411392482, 0.0]
resolution: 0.5
