free_thresh: 0.196
image: /images/amsterdam_cropped_2042.png
map_bottom: 6162.728143517859
map_left: 8642.326606024755
map_right: 8914.297351977322
map_top: 6006.881090565585
negate: 0
occupied_thresh: 0.65
origin: [8642.326606024755, 6162.728143517859, 0.0]
resolution: 0.5
