free_thresh: 0.196
image: /images/amsterdam_cropped_123.png
map_bottom: 5803981.055370782
map_left: 627076.840899779
map_right: 627564.482909302
map_top: 5804220.843710621
negate: 0
occupied_thresh: 0.65
origin: [627076.840899779, 5803981.055370782, 0.0]
resolution: 0.5
