free_thresh: 0.196
image: /images/amsterdam_cropped_106.png
map_bottom: 9090.936337903142
map_left: 5079.8782865024405
map_right: 5573.917731540278
map_top: 8890.757428720593
negate: 0
occupied_thresh: 0.65
origin: [5079.8782865024405, 9090.936337903142, 0.0]
resolution: 0.5
