free_thresh: 0.196
image: /images/amsterdam_cropped_1571.png
map_bottom: 7671.727512044832
map_left: 6988.9433627782855
map_right: 7125.019036125159
map_top: 7471.957817569375
negate: 0
occupied_thresh: 0.65
origin: [6988.9433627782855, 7671.727512044832, 0.0]
resolution: 0.5
