free_thresh: 0.196
image: /images/amsterdam_cropped_2049.png
map_bottom: 5804801.144962645
map_left: 629611.0171836311
map_right: 629792.5660399426
map_top: 5805086.2574305665
negate: 0
occupied_thresh: 0.65
origin: [629611.0171836311, 5804801.144962645, 0.0]
resolution: 0.5
