free_thresh: 0.196
image: /images/amsterdam_cropped_964.png
map_bottom: 5417.873988232575
map_left: 5557.310103379656
map_right: 5686.0185387054225
map_top: 5235.662346344441
negate: 0
occupied_thresh: 0.65
origin: [5557.310103379656, 5417.873988232575, 0.0]
resolution: 0.5
