free_thresh: 0.196
image: /images/amsterdam_cropped_112.png
map_bottom: 6777.793121482246
map_left: 7633.552846203325
map_right: 7852.171235454851
map_top: 6238.878572683781
negate: 0
occupied_thresh: 0.65
origin: [7633.552846203325, 6777.793121482246, 0.0]
resolution: 0.5
