free_thresh: 0.196
image: /images/amsterdam_cropped_1668.png
map_bottom: 5949.452217821963
map_left: 6129.133213320747
map_right: 6375.969879159704
map_top: 5802.543542357162
negate: 0
occupied_thresh: 0.65
origin: [6129.133213320747, 5949.452217821963, 0.0]
resolution: 0.5
