free_thresh: 0.196
image: /images/amsterdam_cropped_1165.png
map_bottom: 6737.552598115988
map_left: 8166.152910401579
map_right: 8407.629150835099
map_top: 6521.946406994015
negate: 0
occupied_thresh: 0.65
origin: [8166.152910401579, 6737.552598115988, 0.0]
resolution: 0.5
