free_thresh: 0.196
image: /images/amsterdam_cropped_401.png
map_bottom: 7554.0222898460925
map_left: 5444.14201768057
map_right: 5643.521352055133
map_top: 7406.144177730195
negate: 0
occupied_thresh: 0.65
origin: [5444.14201768057, 7554.0222898460925, 0.0]
resolution: 0.5
