free_thresh: 0.196
image: /images/amsterdam_cropped_361.png
map_bottom: 6514.186088589951
map_left: 5420.596056238515
map_right: 5648.7360354189295
map_top: 6362.554600781761
negate: 0
occupied_thresh: 0.65
origin: [5420.596056238515, 6514.186088589951, 0.0]
resolution: 0.5
