free_thresh: 0.196
image: /images/amsterdam_cropped_100.png
map_bottom: 5803089.795646522
map_left: 627053.048989942
map_right: 627508.4021403724
map_top: 5803350.667136752
negate: 0
occupied_thresh: 0.65
origin: [627053.048989942, 5803089.795646522, 0.0]
resolution: 0.5
