free_thresh: 0.196
image: /images/amsterdam_cropped_1703.png
map_bottom: 6675.634675377049
map_left: 6900.533087044489
map_right: 7130.6278724966105
map_top: 6474.887493065558
negate: 0
occupied_thresh: 0.65
origin: [6900.533087044489, 6675.634675377049, 0.0]
resolution: 0.5
