free_thresh: 0.196
image: /images/amsterdam_cropped_2038.png
map_bottom: 5912.16910703294
map_left: 7235.566039942554
map_right: 7624.674235742656
map_top: 5716.742569433525
negate: 0
occupied_thresh: 0.65
origin: [7235.566039942554, 5912.16910703294, 0.0]
resolution: 0.5
