free_thresh: 0.196
image: /images/amsterdam_cropped_2048.png
map_bottom: 6085.022303748876
map_left: 7524.674235742656
map_right: 7640.887528752559
map_top: 5812.16910703294
negate: 0
occupied_thresh: 0.65
origin: [7524.674235742656, 6085.022303748876, 0.0]
resolution: 0.5
