free_thresh: 0.196
image: /images/amsterdam_cropped_876.png
map_bottom: 7251.952941075899
map_left: 5944.891625568154
map_right: 6053.895768213086
map_top: 7101.884667433798
negate: 0
occupied_thresh: 0.65
origin: [5944.891625568154, 7251.952941075899, 0.0]
resolution: 0.5
