free_thresh: 0.196
image: /images/amsterdam_cropped_396.png
map_bottom: 6858.773697898723
map_left: 4951.569259717944
map_right: 5107.482909301994
map_top: 6582.156289379112
negate: 0
occupied_thresh: 0.65
origin: [4951.569259717944, 6858.773697898723, 0.0]
resolution: 0.5
