free_thresh: 0.196
image: /images/amsterdam_cropped_1481.png
map_bottom: 7044.696048612706
map_left: 6881.7509217438055
map_right: 7060.706420182949
map_top: 6856.703718605451
negate: 0
occupied_thresh: 0.65
origin: [6881.7509217438055, 7044.696048612706, 0.0]
resolution: 0.5
