free_thresh: 0.196
image: /images/amsterdam_cropped_159.png
map_bottom: 5803766.588936848
map_left: 629974.3154877502
map_right: 630134.1968666196
map_top: 5803925.819812289
negate: 0
occupied_thresh: 0.65
origin: [629974.3154877502, 5803766.588936848, 0.0]
resolution: 0.5
