free_thresh: 0.196
image: /images/amsterdam_cropped_95.png
map_bottom: 5801567.233063719
map_left: 628432.948238668
map_right: 628538.1108643699
map_top: 5801940.982816055
negate: 0
occupied_thresh: 0.65
origin: [628432.948238668, 5801567.233063719, 0.0]
resolution: 0.5
