free_thresh: 0.196
image: /images/amsterdam_cropped_131.png
map_bottom: 7673.229110587388
map_left: 7963.0866226329235
map_right: 8228.553611163283
map_top: 7502.957581673749
negate: 0
occupied_thresh: 0.65
origin: [7963.0866226329235, 7673.229110587388, 0.0]
resolution: 0.5
