free_thresh: 0.196
image: /images/amsterdam_cropped_1925.png
map_bottom: 10009.384320514277
map_left: 4524.162990791141
map_right: 4839.070873592049
map_top: 9814.252946387045
negate: 0
occupied_thresh: 0.65
origin: [4524.162990791141, 10009.384320514277, 0.0]
resolution: 0.5
