free_thresh: 0.196
image: /images/amsterdam_cropped_99.png
map_bottom: 7091.232689931989
map_left: 7577.1968666196335
map_right: 7888.462781460374
map_top: 6877.180187710561
negate: 0
occupied_thresh: 0.65
origin: [7577.1968666196335, 7091.232689931989, 0.0]
resolution: 0.5
