free_thresh: 0.196
image: /images/amsterdam_cropped_631.png
map_bottom: 7008.941599347629
map_left: 4463.363404083182
map_right: 4693.788518616813
map_top: 6665.303424769081
negate: 0
occupied_thresh: 0.65
origin: [4463.363404083182, 7008.941599347629, 0.0]
resolution: 0.5
