free_thresh: 0.196
image: /images/amsterdam_cropped_1815.png
map_bottom: 7755.9411392482
map_left: 7025.019036125159
map_right: 7155.917554009706
map_top: 7571.727512044832
negate: 0
occupied_thresh: 0.65
origin: [7025.019036125159, 7755.9411392482, 0.0]
resolution: 0.5
