free_thresh: 0.196
image: /images/amsterdam_cropped_379.png
map_bottom: 6787.511690330692
map_left: 5673.12430747191
map_right: 5780.180606562528
map_top: 6448.388186557218
negate: 0
occupied_thresh: 0.65
origin: [5673.12430747191, 6787.511690330692, 0.0]
resolution: 0.5
