free_thresh: 0.196
image: /images/amsterdam_cropped_1422.png
map_bottom: 5803653.206545156
map_left: 629053.2158329564
map_right: 629252.387685324
map_top: 5803938.10243008
negate: 0
occupied_thresh: 0.65
origin: [629053.2158329564, 5803653.206545156, 0.0]
resolution: 0.5
