free_thresh: 0.196
image: /images/amsterdam_cropped_1416.png
map_bottom: 6212.622428193688
map_left: 6136.760519906646
map_right: 6375.969879159704
map_top: 5849.452217821963
negate: 0
occupied_thresh: 0.65
origin: [6136.760519906646, 6212.622428193688, 0.0]
resolution: 0.5
