free_thresh: 0.196
image: /images/amsterdam_cropped_364.png
map_bottom: 7390.359633899294
map_left: 5049.533050370286
map_right: 5203.624325707904
map_top: 7172.01377847977
negate: 0
occupied_thresh: 0.65
origin: [5049.533050370286, 7390.359633899294, 0.0]
resolution: 0.5
