free_thresh: 0.196
image: /images/amsterdam_cropped_934.png
map_bottom: 10003.999337700196
map_left: 3611.471630442422
map_right: 3750.6897696416127
map_top: 9735.178347324021
negate: 0
occupied_thresh: 0.65
origin: [3611.471630442422, 10003.999337700196, 0.0]
resolution: 0.5
