free_thresh: 0.196
image: /images/amsterdam_cropped_1922.png
map_bottom: 6053.910306740552
map_left: 5329.903242609929
map_right: 5512.337970718159
map_top: 5569.710095222108
negate: 0
occupied_thresh: 0.65
origin: [5329.903242609929, 6053.910306740552, 0.0]
resolution: 0.5
