free_thresh: 0.196
image: /images/amsterdam_cropped_1205.png
map_bottom: 7653.531237836927
map_left: 6747.591205473989
map_right: 7088.9433627782855
map_top: 7471.957817569375
negate: 0
occupied_thresh: 0.65
origin: [6747.591205473989, 7653.531237836927, 0.0]
resolution: 0.5
