free_thresh: 0.196
image: /images/amsterdam_cropped_1238.png
map_bottom: 5804284.090620302
map_left: 629936.1954124838
map_right: 630190.5528462033
map_top: 5804564.121427316
negate: 0
occupied_thresh: 0.65
origin: [629936.1954124838, 5804284.090620302, 0.0]
resolution: 0.5
