free_thresh: 0.196
image: /images/amsterdam_cropped_641.png
map_bottom: 5804716.045512806
map_left: 628338.8181011954
map_right: 628585.5658844874
map_top: 5805088.19698655
negate: 0
occupied_thresh: 0.65
origin: [628338.8181011954, 5804716.045512806, 0.0]
resolution: 0.5
