free_thresh: 0.196
image: /images/amsterdam_cropped_1692.png
map_bottom: 10120.350438003428
map_left: 4030.532583054388
map_right: 4331.692506161751
map_top: 9986.469304770231
negate: 0
occupied_thresh: 0.65
origin: [4030.532583054388, 10120.350438003428, 0.0]
resolution: 0.5
