free_thresh: 0.196
image: /images/amsterdam_cropped_1651.png
map_bottom: 6548.388186557218
map_left: 5680.180606562528
map_right: 5810.332825642894
map_top: 6314.166077377275
negate: 0
occupied_thresh: 0.65
origin: [5680.180606562528, 6548.388186557218, 0.0]
resolution: 0.5
