free_thresh: 0.196
image: /images/amsterdam_cropped_637.png
map_bottom: 10056.928511208855
map_left: 3513.202158880187
map_right: 3701.8213077174732
map_top: 9922.72219341714
negate: 0
occupied_thresh: 0.65
origin: [3513.202158880187, 10056.928511208855, 0.0]
resolution: 0.5
