free_thresh: 0.196
image: /images/amsterdam_cropped_1176.png
map_bottom: 6157.070362243801
map_left: 6803.624833372538
map_right: 7069.374074198655
map_top: 6050.409691378474
negate: 0
occupied_thresh: 0.65
origin: [6803.624833372538, 6157.070362243801, 0.0]
resolution: 0.5
