free_thresh: 0.196
image: /images/amsterdam_cropped_879.png
map_bottom: 7169.599944067188
map_left: 5171.481568995863
map_right: 5365.210627006483
map_top: 6906.988958458416
negate: 0
occupied_thresh: 0.65
origin: [5171.481568995863, 7169.599944067188, 0.0]
resolution: 0.5
