free_thresh: 0.196
image: /images/amsterdam_cropped_909.png
map_bottom: 5804075.217673268
map_left: 628265.5511337701
map_right: 628371.3838909232
map_top: 5804359.109825108
negate: 0
occupied_thresh: 0.65
origin: [628265.5511337701, 5804075.217673268, 0.0]
resolution: 0.5
