free_thresh: 0.196
image: /images/amsterdam_cropped_374.png
map_bottom: 5804808.0742602125
map_left: 628963.8791724225
map_right: 629221.143092948
map_top: 5805030.376118323
negate: 0
occupied_thresh: 0.65
origin: [628963.8791724225, 5804808.0742602125, 0.0]
resolution: 0.5
