free_thresh: 0.196
image: /images/amsterdam_cropped_1424.png
map_bottom: 6518.909379698336
map_left: 7268.399819566752
map_right: 7579.195412483765
map_top: 6264.656165995635
negate: 0
occupied_thresh: 0.65
origin: [7268.399819566752, 6518.909379698336, 0.0]
resolution: 0.5
