free_thresh: 0.196
image: /images/amsterdam_cropped_933.png
map_bottom: 9400.458276216872
map_left: 5972.1451308444375
map_right: 6414.246782796457
map_top: 9280.677512709983
negate: 0
occupied_thresh: 0.65
origin: [5972.1451308444375, 9400.458276216872, 0.0]
resolution: 0.5
