free_thresh: 0.196
image: /images/amsterdam_cropped_1144.png
map_bottom: 10191.994369686581
map_left: 3650.6897696416127
map_right: 3823.3917188772466
map_top: 9903.999337700196
negate: 0
occupied_thresh: 0.65
origin: [3650.6897696416127, 10191.994369686581, 0.0]
resolution: 0.5
