free_thresh: 0.196
image: /images/amsterdam_cropped_435.png
map_bottom: 5803497.559313458
map_left: 631130.6920756699
map_right: 631256.0578513476
map_top: 5803672.562576236
negate: 0
occupied_thresh: 0.65
origin: [631130.6920756699, 5803497.559313458, 0.0]
resolution: 0.5
