free_thresh: 0.196
image: /images/amsterdam_cropped_405.png
map_bottom: 7245.65700818412
map_left: 6547.908688615658
map_right: 6696.215832956368
map_top: 7049.793454843573
negate: 0
occupied_thresh: 0.65
origin: [6547.908688615658, 7245.65700818412, 0.0]
resolution: 0.5
